8 317 11
Phase 1
1.0 1.0 1.0 1.0 1.0 1.0 1.0 1.0
Givens 28
1.7819525391478988 6 7
3.141592653589793 5 6
-1.1323928325322656 6 7
3.141592653589793 4 5
0.0 5 6
1.3832375842652578 6 7
1.5707963267948966 3 4
1.5707963267948974 4 5
0.17691972538523834 5 6
-1.6098659825493011 6 7
1.5707963267948966 2 3
1.5707963267948926 3 4
1.5317266710404909 4 5
0.17691972538523834 5 6
2.771843748875022 6 7
1.5707963267948954 1 2
0.23872195405237817 2 3
1.570796326794895 3 4
1.5707963267949003 4 5
3.141592653589793 5 6
-0.051843244772138114 6 7
0.23872195405237864 0 1
1.5707963267948981 1 2
1.5707963267948966 2 3
1.5707963267948966 3 4
0.144659942272696 4 5
3.141592653589793 5 6
-0.05184324477214025 6 7
Pauli 9
IIIIIIII -4.720693290546445
ZIIIIIII 1.3565563554900963
IZIIIIII 1.3565563554900963
IIZIIIII 1.1367650554899882
IIIZIIII 1.136765055489988
IIIIZIII 0.8647022899499985
IIIIIZII 0.8647022899499981
IIIIIIZI 0.5487899299357129
IIIIIIIZ 0.5487899299357127

Phase 1
1.0 1.0 1.0 1.0 1.0 1.0 1.0 -1.0
Givens 28
1.570795733631192 6 7
1.570796326798131 5 6
-1.5707963267948963 6 7
1.5707963267948966 4 5
1.570796326798131 5 6
-3.141592653589793 6 7
2.76383108579802 3 4
1.5707968781361639 4 5
1.5707963267948966 5 6
1.5707963276219354 6 7
1.5707957754536297 2 3
2.763831085779217 3 4
1.5707963276219352 4 5
1.5707963267948966 5 6
7.43417124942941e-07 6 7
1.57079632679121 1 2
1.5707963267948966 2 3
1.5707963267990614 3 4
0.7168033525450598 4 5
1.5707963267948966 5 6
-1.5707963261737445 6 7
1.5707963267948966 0 1
1.57079632679121 1 2
0.7168033524617446 2 3
1.5707963267907317 3 4
1.5707963261737448 4 5
1.570796326794897 5 6
-0.0 6 7
Pauli 7
ZZIIIIII 3.0950285618969795e-07
ZIIIIIZI -3.101822757239158e-07
ZIIIIIIZ -3.1018227574444835e-07
IZIIIIZI -3.101822757110209e-07
IZIIIIIZ -3.101822757315534e-07
IIIIIIII 6.224072844371687e-07
IIIIIIZZ 3.108631867250565e-07

Phase 1
1.0 1.0 1.0 1.0 1.0 1.0 1.0 -1.0
Givens 28
-0.1037052986113875 6 7
1.7125582176720326 5 6
-0.6348985824734591 6 7
2.506694071117154 4 5
1.7125582176723277 5 6
-1.477155290560078 6 7
1.4457157448932334 3 4
2.4463037869400077 4 5
1.7231183924737292 5 6
1.5850455409480648 6 7
0.6952888666495011 2 3
1.4457157448931885 3 4
1.5850455409481712 4 5
1.418474261116599 5 6
-2.2744586043261865 6 7
1.4999034552002752 1 2
2.16836709254922 2 3
1.032297502693334 3 4
1.5226690546098565 4 5
2.0902883874872606 5 6
-1.9694971179266658 6 7
0.973225561040802 0 1
1.499903455200419 1 2
1.5226690546098427 2 3
2.109295150896952 3 4
1.9694971179262 4 5
1.0513042661032415 5 6
2.7373508676306932 6 7
Pauli 29
IIIIIIII 5.193885644540427e-05
ZZIIIIII 1.7859480102743056e-05
ZIZIIIII 1.2034926550784795e-05
ZIIZIIII 1.2034926550781119e-05
ZIIIZIII -1.2034926550783498e-05
ZIIIIZII -1.2034926550784187e-05
ZIIIIIZI -1.785948010274428e-05
ZIIIIIIZ -1.7859480102745953e-05
IZZIIIII 1.2034926550780831e-05
IZIZIIII 1.2034926550777157e-05
IZIIZIII -1.2034926550779533e-05
IZIIIZII -1.2034926550780225e-05
IZIIIIZI -1.7859480102738397e-05
IZIIIIIZ -1.785948010274007e-05
IIZZIIII 8.109948119959372e-06
IIZIZIII -8.109948119960975e-06
IIZIIZII -8.109948119961439e-06
IIZIIIZI -1.2034926550781654e-05
IIZIIIIZ -1.2034926550782783e-05
IIIZZIII -8.109948119958498e-06
IIIZIZII -8.109948119958964e-06
IIIZIIZI -1.203492655077798e-05
IIIZIIIZ -1.2034926550779107e-05
IIIIZZII 8.109948119960565e-06
IIIIZIZI 1.2034926550780357e-05
IIIIZIIZ 1.2034926550781485e-05
IIIIIZZI 1.2034926550781048e-05
IIIIIZIZ 1.2034926550782174e-05
IIIIIIZZ 1.785948010274129e-05

Phase 1
1.0 1.0 1.0 1.0 1.0 1.0 1.0 1.0
Givens 28
3.141592653589793 6 7
1.5707963267949192 5 6
0.0 6 7
3.141592653589793 4 5
1.5707963267949192 5 6
1.570796326794838 6 7
1.5707963267948966 3 4
1.570796326794921 4 5
0.3757236603293984 5 6
1.5707963267949512 6 7
1.5707963267948721 2 3
1.5707963267948966 3 4
1.570796326794842 4 5
0.37572366032926774 5 6
-1.5707963267950829 6 7
1.5707963267948966 1 2
1.6405548488267268 2 3
1.570796326794908 3 4
1.5707963267948966 4 5
1.570796326794903 5 6
1.5707963267948968 6 7
1.5010378047629753 0 1
1.5707963267948966 1 2
1.5707963267948966 2 3
1.570796326794908 3 4
1.5707963267948966 4 5
1.570796326794903 5 6
-0.0 6 7
Pauli 37
IIIIIIII 0.0001587915922151194
ZIIIIIII 3.021127860053871e-06
IZIIIIII 3.0211278600537354e-06
ZZIIIIII 5.0642932388801496e-05
IIZIIIII 2.2433150524165472e-06
ZIZIIIII 3.760451652128779e-05
IIIZIIII 2.2433150524161474e-06
ZIIZIIII 3.7604516521281185e-05
IIIIZIII -2.4460350471736254e-06
ZIIIZIII -4.100269609656627e-05
IIIIIZII -2.446035047173727e-06
ZIIIIZII -4.100269609656812e-05
IIIIIIZI -2.9085212643060722e-06
ZIIIIIZI -4.875531674353694e-05
IIIIIIIZ -2.908521264307258e-06
ZIIIIIIZ -4.8755316743557276e-05
IZZIIIII 3.760451652128573e-05
IZIZIIII 3.760451652127913e-05
IZIIZIII -4.1002696096564035e-05
IZIIIZII -4.100269609656588e-05
IZIIIIZI -4.8755316743534284e-05
IZIIIIIZ -4.8755316743554606e-05
IIZZIIII 2.792294198019576e-05
IIZIZIII -3.044623385832091e-05
IIZIIZII -3.044623385832228e-05
IIZIIIZI -3.620288216936411e-05
IIZIIIIZ -3.620288216937921e-05
IIIZZIII -3.0446233858315562e-05
IIIZIZII -3.044623385831693e-05
IIIZIIZI -3.6202882169357756e-05
IIIZIIIZ -3.620288216937285e-05
IIIIZZII 3.319754619025809e-05
IIIIZIZI 3.9474401288204626e-05
IIIIZIIZ 3.9474401288221086e-05
IIIIIZZI 3.94744012882064e-05
IIIIIZIZ 3.947440128822286e-05
IIIIIIZZ 4.693805825685385e-05

Phase 1
1.0 1.0 1.0 1.0 1.0 1.0 1.0 1.0
Givens 28
3.141592653589793 6 7
1.5707963267948966 5 6
-1.5707963267948961 6 7
1.5707963267948961 4 5
1.5707963267948966 5 6
-3.141592653589793 6 7
1.5707963267948966 3 4
1.6269197715879435 4 5
1.5707963267948966 5 6
-1.5707963267948966 6 7
1.626919771587938 2 3
1.5707963267948966 3 4
1.5707963267948966 4 5
1.5707963267948966 5 6
-0.0 6 7
1.5707963267948966 1 2
1.5707963267948966 2 3
1.5707963267948966 3 4
1.4814250320838684 4 5
1.5707963267948966 5 6
1.5707963267948961 6 7
1.5707963267948966 0 1
1.5707963267948966 1 2
1.6601676215059245 2 3
1.5707963267948966 3 4
1.5707963267948961 4 5
1.5707963267948966 5 6
-3.141592653589793 6 7
Pauli 37
IIIIIIII 0.006258086468168955
ZIIIIIII 0.0005688490342334734
IZIIIIII 0.0005688490342334717
ZZIIIIII 0.0032938220361144847
IIZIIIII 9.206266647247285e-05
ZIZIIIII 0.0005330729618607948
IIIZIIII 9.206266647247293e-05
ZIIZIIII 0.0005330729618607934
IIIIZIII -0.0002413523894287049
ZIIIZIII -0.0013975093055056025
IIIIIZII -0.00024135238942870512
ZIIIIZII -0.0013975093055056094
IIIIIIZI -0.0004686799407770154
ZIIIIIZI -0.002713810209586403
IIIIIIIZ -0.0004686799407770171
ZIIIIIIZ -0.0027138102095864178
IZZIIIII 0.0005330729618607945
IZIZIIII 0.000533072961860793
IZIIZIII -0.0013975093055056014
IZIIIZII -0.0013975093055056083
IZIIIIZI -0.0027138102095864013
IZIIIIIZ -0.002713810209586416
IIZZIIII 8.627265819201732e-05
IIZIZIII -0.00022617324692887563
IIZIIZII -0.00022617324692887676
IIZIIIZI -0.0004392037063601712
IIZIIIIZ -0.0004392037063601735
IIIZZIII -0.00022617324692887508
IIIZIZII -0.0002261732469288762
IIIZIIZI -0.00043920370636017005
IIIZIIIZ -0.00043920370636017244
IIIIZZII 0.0005929380025882119
IIIIZIZI 0.0011514207445606163
IIIIZIIZ 0.0011514207445606224
IIIIIZZI 0.001151420744560622
IIIIIZIZ 0.001151420744560628
IIIIIIZZ 0.002235933141774467

Phase 1
1.0 1.0 1.0 1.0 1.0 1.0 1.0 1.0
Givens 28
-0.10497761825988632 6 7
1.4660469449776512 5 6
-2.3523501142826566 6 7
2.3523501142826575 4 5
1.6755457086121421 5 6
-1.6445227606718005 6 7
1.5254017132155133 3 4
1.9774717038292782 4 5
0.004213345651817596 5 6
-1.4970705449544661 6 7
1.9774717038292853 2 3
1.61619094037428 3 4
1.6445221086353736 4 5
0.004213345651843946 5 6
0.11376708936900509 6 7
1.529512481839375 1 2
1.9441326005280217 2 3
0.8647586465302545 3 4
1.5229106372821244 4 5
1.7557942305831056 5 6
-2.5857534819807544 6 7
1.9441326005280277 0 1
1.612080171750418 1 2
1.6186820163076685 2 3
0.8647586465302579 3 4
0.5558391716090404 4 5
1.7557942305831047 5 6
-1.6074995475614027 6 7
Pauli 29
IIIIIIII 0.006341050296642436
ZZIIIIII 0.0021695312607576474
ZIZIIIII 0.0014736646602590761
ZIIZIIII 0.0014736646602590722
ZIIIZIII -0.001473664660259073
ZIIIIZII -0.001473664660259077
ZIIIIIZI -0.002169531260757646
ZIIIIIIZ -0.0021695312607576496
IZZIIIII 0.0014736646602590744
IZIZIIII 0.0014736646602590705
IZIIZIII -0.0014736646602590713
IZIIIZII -0.0014736646602590752
IZIIIIZI -0.0021695312607576435
IZIIIIIZ -0.0021695312607576474
IIZZIIII 0.0010009938875635697
IIZIZIII -0.00100099388756357
IIZIIZII -0.001000993887563573
IIZIIIZI -0.0014736646602590735
IIZIIIIZ -0.0014736646602590761
IIIZZIII -0.0010009938875635673
IIIZIZII -0.00100099388756357
IIIZIIZI -0.0014736646602590694
IIIZIIIZ -0.001473664660259072
IIIIZZII 0.001000993887563571
IIIIZIZI 0.0014736646602590705
IIIIZIIZ 0.0014736646602590729
IIIIIZZI 0.0014736646602590744
IIIIIZIZ 0.001473664660259077
IIIIIIZZ 0.0021695312607576457

Phase 1
1.0 1.0 1.0 1.0 1.0 1.0 1.0 1.0
Givens 28
3.141592653589793 6 7
1.5707963267948966 5 6
1.5707963267948963 6 7
1.5707963267948966 4 5
1.5707963267948966 5 6
-0.006975004120439141 6 7
1.570796326794897 3 4
2.489179379582337 4 5
1.5707963267948966 5 6
-1.5707963267948961 6 7
0.6524132740074535 2 3
1.570796326794897 3 4
1.5707963267948961 4 5
1.5707963267948963 5 6
-1.5707963267948966 6 7
1.5707963267948966 1 2
1.5707963267948963 2 3
1.58234713034015 3 4
0.5432658518535574 4 5
1.5707963267948968 5 6
1.5707963267948961 6 7
1.5707963267948966 0 1
1.5707963267948966 1 2
0.5432658518535576 2 3
1.5592455232496432 3 4
1.5707963267948966 4 5
1.5707963267948963 5 6
0.014372493742071557 6 7
Pauli 37
IIIIIIII 0.00919374441347069
ZIIIIIII 0.00022847849554412424
IZIIIIII 0.0002284784955441212
ZZIIIIII 0.004115127905775886
IIZIIIII 5.363361168622422e-05
ZIZIIIII 0.0009659953844317383
IIIZIIII 5.363361168622411e-05
ZIIZIIII 0.0009659953844317235
IIIIZIII -4.456644206561855e-05
ZIIIZIII -0.0008026865240363645
IIIIIZII -4.456644206561822e-05
ZIIIIZII -0.000802686524036367
IIIIIIZI -0.00024388841126173587
ZIIIIIZI -0.004392676013943315
IIIIIIIZ -0.00024388841126173674
ZIIIIIIZ -0.0043926760139433195
IZZIIIII 0.0009659953844317364
IZIZIIII 0.0009659953844317217
IZIIZIII -0.000802686524036363
IZIIIZII -0.0008026865240363655
IZIIIIZI -0.004392676013943307
IZIIIIIZ -0.004392676013943311
IIZZIIII 0.00022676016495955446
IIZIZIII -0.0001884246359089745
IIZIIZII -0.0001884246359089751
IIZIIIZI -0.0010311477193254307
IIZIIIIZ -0.0010311477193254315
IIIZZIII -0.00018842463590897166
IIIZIZII -0.00018842463590897223
IIIZIIZI -0.0010311477193254148
IIIZIIIZ -0.001031147719325416
IIIIZZII 0.0001565700193583901
IIIIZIZI 0.0008568243616197557
IIIIZIIZ 0.0008568243616197564
IIIIIZZI 0.0008568243616197583
IIIIIZIZ 0.000856824361619759
IIIIIIZZ 0.004688943577279848

Phase 1
1.0 1.0 1.0 1.0 1.0 1.0 1.0 -1.0
Givens 28
-2.5101717860496837 6 7
1.275664355734312 5 6
-1.1922379002677612 6 7
1.9493547533220337 4 5
1.2756643557343097 5 6
0.272093479394293 6 7
1.833911689600779 3 4
1.9125023704936668 4 5
1.356576623957065 5 6
2.2218809587349786 6 7
1.2290902830961263 2 3
1.8339116896007797 3 4
2.221880958734978 4 5
1.7850160296327275 5 6
1.6631228156565085 6 7
2.0158747940590493 1 2
2.1028822196630546 2 3
1.693316262477606 3 4
1.1579487770423404 4 5
1.0965795490569679 5 6
1.5285411568026006 6 7
1.0387104339267388 0 1
2.0158747940590485 1 2
1.1579487770423396 2 3
1.4482763911121865 3 4
1.6130514967871938 4 5
1.0965795490569665 5 6
-0.6340573745387303 6 7
Pauli 29
IIIIIIII 0.0692002788524975
ZZIIIIII 0.025700334727402765
ZIZIIIII 0.01512375481713631
ZIIZIIII 0.0151237548171363
ZIIIZIII -0.015123754817136263
ZIIIIZII -0.015123754817136303
ZIIIIIZI -0.025700334727402782
ZIIIIIIZ -0.025700334727402803
IZZIIIII 0.015123754817136298
IZIZIIII 0.015123754817136287
IZIIZIII -0.01512375481713625
IZIIIZII -0.01512375481713629
IZIIIIZI -0.025700334727402758
IZIIIIIZ -0.025700334727402782
IIZZIIII 0.00889980469884597
IIZIZIII -0.008899804698845947
IIZIIZII -0.008899804698845971
IIZIIIZI -0.015123754817136304
IIZIIIIZ -0.015123754817136318
IIIZZIII -0.008899804698845942
IIIZIZII -0.008899804698845966
IIIZIIZI -0.015123754817136296
IIIZIIIZ -0.01512375481713631
IIIIZZII 0.008899804698845944
IIIIZIZI 0.01512375481713626
IIIIZIIZ 0.015123754817136273
IIIIIZZI 0.0151237548171363
IIIIIZIZ 0.015123754817136313
IIIIIIZZ 0.025700334727402796

Phase 1
1.0 1.0 1.0 1.0 1.0 1.0 1.0 -1.0
Givens 28
-2.60988641884439 6 7
0.0 5 6
2.609886418844411 6 7
1.5400932930587137 4 5
3.141592653589793 5 6
-3.1290459759382077 6 7
1.5707963267948974 3 4
1.5707963267948966 4 5
1.5784332774231917 5 6
-2.117548385028809 6 7
1.5707963267948952 2 3
1.5707963267948966 3 4
2.1175483850288095 4 5
1.5631593761666012 5 6
-2.89901397571525 6 7
2.5359395634668003 1 2
1.5960407969760662 2 3
1.5707963267948988 3 4
1.570796326794895 4 5
3.141592653589793 5 6
0.2425786778745336 6 7
1.596040796976066 0 1
0.6056530901229933 1 2
1.5707963267948966 2 3
1.5707963267948966 3 4
1.5004799022937598 4 5
3.141592653589793 5 6
-1.5258652732759255 6 7
Pauli 37
IIIIIIII 0.12720796006306367
ZIIIIIII 0.027131404604174396
IZIIIIII 0.027131404604174368
ZZIIIIII 0.019852641211593622
IIZIIIII 0.026387702162243468
ZIZIIIII 0.01930845789476053
IIIZIIII 0.026387702162243468
ZIIZIIII 0.01930845789476052
IIIIZIII -0.035452899039650834
ZIIIZIII -0.02594166040473813
IIIIIZII -0.03545289903965084
ZIIIIZII -0.025941660404738137
IIIIIIZI -0.036605632983833986
ZIIIIIZI -0.0267851410037032
IIIIIIIZ -0.03660563298383397
ZIIIIIIZ -0.026785141003703217
IZZIIIII 0.019308457894760524
IZIZIIII 0.019308457894760517
IZIIZIII -0.025941660404738123
IZIIIZII -0.02594166040473813
IZIIIIZI -0.026785141003703192
IZIIIIIZ -0.02678514100370321
IIZZIIII 0.01877919125723287
IIZIZIII -0.02523057019498991
IIZIIZII -0.025230570194989917
IIZIIIZI -0.026050930038125215
IIZIIIIZ -0.026050930038125236
IIIZZIII -0.0252305701949899
IIIZIZII -0.025230570194989907
IIIZIIZI -0.026050930038125204
IIIZIIIZ -0.02605093003812522
IIIIZZII 0.03389824746148913
IIIIZIZI 0.035000432658064316
IIIIZIIZ 0.03500043265806433
IIIIIZZI 0.03500043265806432
IIIIIZIZ 0.035000432658064344
IIIIIIZZ 0.036138454875681084

Phase 1
1.0 1.0 1.0 1.0 1.0 1.0 1.0 1.0
Givens 28
1.5216428272844387 6 7
0.5522185056861187 5 6
-1.5289395904325445 6 7
1.5289395904325445 4 5
2.5893741479036745 5 6
1.576010177490335 6 7
0.865927604422148 3 4
1.5389332245540188 4 5
2.7097952660139084 5 6
1.5755316317373174 6 7
1.538933224554019 2 3
2.275665049167645 3 4
1.5755316317373174 4 5
0.4317973875758847 5 6
0.13350791785046717 6 7
1.1915239004944487 1 2
1.5525848470419557 2 3
2.2762264102114895 3 4
1.5741768037008965 4 5
1.3578010746603928 5 6
-0.566011526366593 6 7
1.5525848470419559 0 1
1.9500687530953442 1 2
1.5741768037008965 2 3
0.8653662433783043 3 4
0.566011526366593 4 5
1.7837915789294008 5 6
1.5707963267948966 6 7
Pauli 29
IIIIIIII 0.1964906462018345
ZZIIIIII 0.07272998168350929
ZIZIIIII 0.04307818837807098
ZIIZIIII 0.04307818837807096
ZIIIZIII -0.04307818837807096
ZIIIIZII -0.04307818837807097
ZIIIIIZI -0.07272998168350928
ZIIIIIIZ -0.07272998168350932
IZZIIIII 0.043078188378070974
IZIZIIII 0.04307818837807095
IZIIZIII -0.04307818837807095
IZIIIZII -0.04307818837807097
IZIIIIZI -0.07272998168350928
IZIIIIIZ -0.0727299816835093
IIZZIIII 0.02551534141740798
IIZIZIII -0.02551534141740798
IIZIIZII -0.025515341417407987
IIZIIIZI -0.04307818837807097
IIZIIIIZ -0.04307818837807099
IIIZZIII -0.02551534141740797
IIIZIZII -0.025515341417407977
IIIZIIZI -0.043078188378070946
IIIZIIIZ -0.04307818837807097
IIIIZZII 0.025515341417407977
IIIIZIZI 0.043078188378070946
IIIIZIIZ 0.04307818837807097
IIIIIZZI 0.04307818837807096
IIIIIZIZ 0.043078188378070974
IIIIIIZZ 0.07272998168350929

Phase 1
1.0 1.0 1.0 1.0 1.0 1.0 1.0 1.0
Givens 26
-3.141592653589793 6 7
1.5707963267948966 5 6
1.5707963267948961 6 7
1.5707963267948966 4 5
1.5707963267948966 5 6
1.5707963267948966 6 7
1.5707963267948963 3 4
2.0619230663191512 4 5
1.5707963267948968 5 6
1.5707963267948966 6 7
1.0796695872706419 2 3
1.5707963267948966 3 4
1.5707963267948966 4 5
1.5707963267948966 5 6
1.5767258130372648 6 7
1.5707963267948966 1 2
1.5707963267948974 2 3
2.4473190444661177 3 4
1.5707963267948966 4 5
0.0 5 6
-0.5745705813174294 6 7
1.5707963267948966 0 1
1.5707963267948966 1 2
1.5707963267948966 2 3
2.447319044466117 3 4
1.5707963267948966 4 5
Pauli 37
IIIIIIII 4.939208043909827
ZIIIIIII -1.29852030093458
IZIIIIII -1.2985203009345803
ZZIIIIII 0.19251766516534574
IIZIIIII -1.2181592124637692
ZIZIIIII 0.18060338926884148
IIIZIIII -1.218159212463769
ZIIZIIII 0.18060338926884148
IIIIZIII -0.933788435999332
ZIIIZIII 0.13844278701503965
IIIIIZII -0.9337884359993317
ZIIIIZII 0.13844278701503962
IIIIIIZI -0.9287534859211544
ZIIIIIZI 0.13769630901806326
IIIIIIIZ -0.928753485921154
ZIIIIIIZ 0.13769630901806323
IZZIIIII 0.18060338926884148
IZIZIIII 0.18060338926884148
IZIIZIII 0.13844278701503965
IZIIIZII 0.13844278701503962
IZIIIIZI 0.13769630901806326
IZIIIIIZ 0.13769630901806323
IIZZIIII 0.16942644815154365
IIZIZIII 0.12987502488806021
IIZIIZII 0.1298750248880602
IIZIIIZI 0.1291747439234393
IIZIIIIZ 0.12917474392343928
IIIZZIII 0.1298750248880602
IIIZIZII 0.12987502488806016
IIIZIIZI 0.12917474392343928
IIIZIIIZ 0.12917474392343928
IIIIZZII 0.09955660567579792
IIIIZIZI 0.09901980042076819
IIIIZIIZ 0.09901980042076818
IIIIIZZI 0.09901980042076818
IIIIIZIZ 0.09901980042076816
IIIIIIZZ 0.09848588959830644

