12 877 22
Phase 1
1.0 1.0 1.0 1.0 1.0 1.0 1.0 1.0 1.0 1.0 1.0 1.0
Givens 66
-0.0 10 11
1.5707963267948966 9 10
1.5707963267948966 10 11
1.5707963267948966 8 9
1.5707963267948966 9 10
-1.083305835884276 10 11
1.5707963267948966 7 8
1.5707963267948968 8 9
0.03668788954979931 9 10
-0.05079405341457994 10 11
1.5707963267948966 6 7
1.5707963267948966 7 8
1.2227099431470585 8 9
0.05661243339836465 9 10
2.828724684773567 10 11
1.570796326794897 5 6
2.9063424312789756 6 7
0.0 7 8
2.5572679577072184 8 9
0.046051336439126955 9 10
-2.9039133298978355 10 11
0.2352502223108178 4 5
1.5707963267948974 5 6
1.5636321382332257 6 7
0.0 7 8
0.08370612621639768 8 9
0.1489548244504004 9 10
-1.9563184781382732 10 11
1.5707963267948966 3 4
2.191851194745352 4 5
0.26195662247200735 5 6
1.5777161178561687 6 7
0.0 7 8
0.02633646529890702 8 9
1.612609845890245 9 10
-1.5045072448537338 10 11
0.9497414588444398 2 3
1.570796326794899 3 4
1.5638765357336246 4 5
0.2619566224720078 5 6
1.5438273982866206 6 7
0.0 7 8
1.5706407652997227 8 9
1.571012896720059 9 10
-0.005296020952963909 10 11
1.5707963267948986 1 2
3.074980354649466 2 3
1.9837706738635996 3 4
1.567921043070037 4 5
0.04510180838543611 5 6
1.5977378434936096 6 7
1.5707963267948966 7 8
1.5707963267948963 8 9
1.5707963267949436 9 10
-1.5707963267949 10 11
0.06661229894032755 0 1
1.570796326794899 1 2
1.5736716105197583 2 3
1.983770673863601 3 4
1.5438548100961818 4 5
0.04510180838543611 5 6
1.5707963267948966 6 7
1.5707963267948966 7 8
1.5707963267948966 8 9
1.5707963267948966 9 10
-1.5916943500554632 10 11
Pauli 13
IIIIIIIIIIII -11.770365018466109
ZIIIIIIIIIII 2.8037593290712675
IZIIIIIIIIII 2.8037593290712666
IIZIIIIIIIII 0.9430117291312557
IIIZIIIIIIII 0.9430117291312552
IIIIZIIIIIII 0.6812550524059835
IIIIIZIIIIII 0.6812550524059834
IIIIIIZIIIII 0.6741045026996806
IIIIIIIZIIII 0.6741045026996806
IIIIIIIIZIII 0.6741045026996797
IIIIIIIIIZII 0.6741045026996797
IIIIIIIIIIZI 0.6062943957345868
IIIIIIIIIIIZ 0.6062943957345863

Phase 1
1.0 1.0 1.0 1.0 1.0 1.0 1.0 1.0 1.0 1.0 1.0 -1.0
Givens 66
-1.5707972852524996 10 11
0.0 9 10
0.014383618379312731 10 11
1.7250308549325668 8 9
3.141592653589793 9 10
0.014382264705381537 10 11
3.141276394241187 7 8
1.4159590286485353 8 9
0.0 9 10
-1.565475104173961 10 11
1.5707966372481263 6 7
1.5708467389339635 7 8
1.5708432036624695 8 9
3.141592653589793 9 10
-1.565691857667739 10 11
1.5707963267945753 5 6
1.5707963267948954 6 7
1.570796326794887 7 8
1.5707963267948966 8 9
2.499256603862893 9 10
-1.5709695645424264 10 11
1.5707963267948966 4 5
1.570796326794906 5 6
1.5707963267948966 6 7
1.5707963267945741 7 8
1.5706230890473667 8 9
2.499256603862495 9 10
-0.0001303634898947352 10 11
1.5707963267950313 3 4
1.5707963267948974 4 5
1.5707963267949006 5 6
1.5707963267948966 6 7
0.9939558626035448 7 8
1.570678329668451 8 9
1.570862317105958 9 10
-1.10219912205397 10 11
1.5707963267948966 2 3
1.5707963267948926 3 4
1.5707963267948966 4 5
1.5707963267950322 5 6
1.5709143239213421 6 7
0.993955862605113 7 8
2.0393935315550538 8 9
1.5708623171059617 9 10
3.141438070167946 10 11
1.570796326794169 1 2
1.5707963267948966 2 3
1.5707963267948752 3 4
1.5707963267948966 4 5
1.6634244282619812 5 6
1.5708163390056664 6 7
1.5706716130406073 7 8
2.3340489917154033 8 9
1.5711329768816455 9 10
2.711129837840995 10 11
1.5707963267948966 0 1
1.570796326794918 1 2
1.5707963267948966 2 3
1.5707963267941691 3 4
1.570776314584127 4 5
1.663424428261582 5 6
0.8075436619074234 6 7
1.5706716130406135 7 8
2.7111298378535302 8 9
1.5704596767081445 9 10
3.141398019736827 10 11
Pauli 61
IIIIIIIIIIII 2.327655682771412e-06
ZZIIIIIIIIII 2.180448732755671e-07
ZIZIIIIIIIII 2.1804487327544938e-07
ZIIZIIIIIIII 2.1804487327540456e-07
ZIIIZIIIIIII 1.7628275489464845e-07
ZIIIIZIIIIII 1.762827548944502e-07
ZIIIIIZIIIII 4.343230698994977e-08
ZIIIIIIZIIII 4.3432306989138056e-08
ZIIIIIIIZIII -4.090710581748407e-08
ZIIIIIIIIZII -4.090710581821839e-08
ZIIIIIIIIIZI -6.146631423377426e-07
ZIIIIIIIIIIZ -6.146631423378814e-07
IZZIIIIIIIII 2.1804487327540658e-07
IZIZIIIIIIII 2.1804487327536176e-07
IZIIZIIIIIII 1.7628275489461386e-07
IZIIIZIIIIII 1.762827548944156e-07
IZIIIIZIIIII 4.343230698994124e-08
IZIIIIIZIIII 4.343230698912954e-08
IZIIIIIIZIII -4.0907105817476044e-08
IZIIIIIIIZII -4.090710581821036e-08
IZIIIIIIIIZI -6.146631423376219e-07
IZIIIIIIIIIZ -6.146631423377608e-07
IIZZIIIIIIII 2.1804487327524405e-07
IIZIZIIIIIII 1.762827548945187e-07
IIZIIZIIIIII 1.7628275489432039e-07
IIZIIIZIIIII 4.343230698991779e-08
IIZIIIIZIIII 4.343230698910609e-08
IIZIIIIIZIII -4.0907105817453955e-08
IIZIIIIIIZII -4.090710581818828e-08
IIZIIIIIIIZI -6.1466314233729e-07
IIZIIIIIIIIZ -6.146631423374289e-07
IIIZZIIIIIII 1.7628275489448246e-07
IIIZIZIIIIII 1.7628275489428418e-07
IIIZIIZIIIII 4.343230698990886e-08
IIIZIIIZIIII 4.3432306989097154e-08
IIIZIIIIZIII -4.0907105817445544e-08
IIIZIIIIIZII -4.090710581817987e-08
IIIZIIIIIIZI -6.146631423371637e-07
IIIZIIIIIIIZ -6.146631423373024e-07
IIIIZZIIIIII 1.425193319447232e-07
IIIIZIZIIIII 3.5113720458544114e-08
IIIIZIIZIIII 3.511372045788787e-08
IIIIZIIIZIII -3.307217087905559e-08
IIIIZIIIIZII -3.3072170879649276e-08
IIIIZIIIIIZI -4.969367563461948e-07
IIIIZIIIIIIZ -4.969367563463071e-07
IIIIIZZIIIII 3.5113720458504615e-08
IIIIIZIZIIII 3.5113720457848376e-08
IIIIIZIIZIII -3.3072170879018395e-08
IIIIIZIIIZII -3.307217087961207e-08
IIIIIZIIIIZI -4.969367563456359e-07
IIIIIZIIIIIZ -4.969367563457481e-07
IIIIIIZIIIZI -1.2243460665858368e-07
IIIIIIZIIIIZ -1.2243460665861134e-07
IIIIIIIZIIZI -1.224346066562955e-07
IIIIIIIZIIIZ -1.2243460665632316e-07
IIIIIIIIZIZI 1.1531612657517079e-07
IIIIIIIIZIIZ 1.1531612657519684e-07
IIIIIIIIIZZI 1.1531612657724084e-07
IIIIIIIIIZIZ 1.1531612657726688e-07
IIIIIIIIIIZZ 1.7327203014355602e-06

Phase 1
1.0 1.0 1.0 1.0 1.0 1.0 1.0 1.0 1.0 1.0 1.0 1.0
Givens 66
-1.5712710152297704 10 11
1.5707963267945773 9 10
-1.5707963267948966 10 11
1.5707963267948961 8 9
1.5707963267952159 9 10
3.141420802906049 10 11
1.570796326794465 7 8
1.5707963267948963 8 9
1.5710247949668164 9 10
-0.6448990351254476 10 11
1.5707963267948966 6 7
1.5707963267953304 7 8
2.5103537718859177 8 9
1.5728894909836033 9 10
-3.122655347714979 10 11
2.6168099591372336 5 6
1.5712071377617913 6 7
0.0 7 8
3.1414239394595396 8 9
0.5481391019463261 9 10
3.119380455953942 10 11
1.571207137761793 4 5
0.5247826944493372 5 6
0.00017185078711045432 6 7
0.0 7 8
0.006858497990163208 8 9
0.5498862396268023 9 10
2.3829472760228143e-05 10 11
1.064012239205495 3 4
1.5705659281781423 4 5
1.5709393492963493 5 6
0.8766988303891238 6 7
0.0 7 8
3.135745240815204 8 9
1.5707943439924859 9 10
-2.106111047650535 10 11
1.5705659281781403 2 3
2.0775804143871333 3 4
2.2648938232054254 4 5
1.5709393492963504 5 6
0.005835516662257605 6 7
0.0 7 8
0.9357952377662612 8 9
3.141592653589793 9 10
-1.472830221033533 10 11
1.0694984171150348 1 2
1.5705682085339991 2 3
1.570774890581139 3 4
1.6948927134903897 4 5
1.562128530974157 5 6
2.5490412386491936 6 7
1.5707963267948963 7 8
1.5707963267948972 8 9
1.5707963267827874 9 10
1.5707963267860081 10 11
1.5705682085339967 0 1
2.0720942364752477 1 2
1.4466999400997753 2 3
1.5707748905811405 3 4
0.5925514149406942 4 5
1.5621285309741597 5 6
1.5707963267860054 6 7
1.5707963268069636 7 8
1.5707963267948966 8 9
1.5707963267948966 9 10
-1.5741517425202827 10 11
Pauli 49
IIIIIIIIIIII 4.577083333340811e-06
ZIIIIIIIIIII -3.2560493936703094e-08
IZIIIIIIIIII -3.256049393666371e-08
ZZIIIIIIIIII 2.617608835757289e-06
ZIZIIIIIIIII 2.2566825990337577e-07
ZIIZIIIIIIII 2.2566825990230433e-07
ZIIIZIIIIIII -1.4222139949714188e-07
ZIIIIZIIIIII -1.42221399497783e-07
ZIIIIIZIIIII -2.2974578738226535e-07
ZIIIIIIZIIII -2.297457873831752e-07
ZIIIIIIIZIII -2.2974578738324468e-07
ZIIIIIIIIZII -2.2974578738413592e-07
IIIIIIIIIIZI 2.7680355105367257e-08
ZIIIIIIIIIZI -2.2252838744293117e-06
IIIIIIIIIIIZ 2.7680355105373398e-08
ZIIIIIIIIIIZ -2.2252838744298356e-06
IZZIIIIIIIII 2.256682599030879e-07
IZIZIIIIIIII 2.2566825990201647e-07
IZIIZIIIIIII -1.4222139949696046e-07
IZIIIZIIIIII -1.4222139949760158e-07
IZIIIIZIIIII -2.2974578738197228e-07
IZIIIIIZIIII -2.2974578738288213e-07
IZIIIIIIZIII -2.297457873829516e-07
IZIIIIIIIZII -2.2974578738384285e-07
IZIIIIIIIIZI -2.2252838744264733e-06
IZIIIIIIIIIZ -2.225283874426997e-06
IIZIIIIIIIZI -1.9184529516900948e-07
IIZIIIIIIIIZ -1.9184529516905467e-07
IIIZIIIIIIZI -1.9184529516809863e-07
IIIZIIIIIIIZ -1.9184529516814382e-07
IIIIZIIIIIZI 1.2090537844161686e-07
IIIIZIIIIIIZ 1.209053784416453e-07
IIIIIZIIIIZI 1.209053784421619e-07
IIIIIZIIIIIZ 1.2090537844219035e-07
IIIIIIZZIIII 2.016463502835339e-08
IIIIIIZIZIII 2.0164635028359495e-08
IIIIIIZIIZII 2.0164635028437713e-08
IIIIIIZIIIZI 1.9531168633577015e-07
IIIIIIZIIIIZ 1.9531168633581616e-07
IIIIIIIZZIII 2.016463502843935e-08
IIIIIIIZIZII 2.0164635028517573e-08
IIIIIIIZIIZI 1.9531168633654365e-07
IIIIIIIZIIIZ 1.9531168633658963e-07
IIIIIIIIZZII 2.016463502852367e-08
IIIIIIIIZIZI 1.953116863366027e-07
IIIIIIIIZIIZ 1.9531168633664871e-07
IIIIIIIIIZZI 1.9531168633736038e-07
IIIIIIIIIZIZ 1.9531168633740636e-07
IIIIIIIIIIZZ 1.891760240928958e-06

Phase 1
1.0 1.0 1.0 1.0 1.0 1.0 1.0 1.0 1.0 1.0 1.0 1.0
Givens 66
-3.1415510773365822 10 11
1.5707963267948966 9 10
-1.5707963267948721 10 11
1.5707963267948721 8 9
1.5707963267948966 9 10
-0.9123681606546368 10 11
1.5707963267948966 7 8
1.5707963267946774 8 9
2.4927144181133633e-05 9 10
2.4834848587646676 10 11
1.5707963267946774 6 7
1.5707963267948966 7 8
1.5708095354309024 8 9
1.5710219707003859 9 10
-1.5708572828559793 10 11
1.5707699844922811 5 6
1.006043734120559 6 7
1.5707963267951093 7 8
1.570796326794937 8 9
1.5707963267948966 9 10
1.5707963267948961 10 11
1.0060437341205053 4 5
1.5708226690975122 5 6
1.5707963267948966 6 7
1.5707963267948966 7 8
1.570796326794937 8 9
1.5707963267946838 9 10
1.5706674234185567 10 11
1.5707469619188466 3 4
0.6999620260840501 4 5
1.570796326794983 5 6
1.5707963267948681 6 7
1.5707963267948966 7 8
1.5707963267948966 8 9
3.113757343674793 9 10
-1.5709251802370052 10 11
0.6999620260838304 2 3
1.5708456916709468 3 4
1.5707963267948966 4 5
1.5707963267948966 5 6
1.5707963267948681 6 7
1.5707963267948102 7 8
1.5709251802369966 8 9
0.027835309915159482 9 10
-1.5707486498529584 10 11
1.5707700858701334 1 2
1.0077855526377815 2 3
1.5707963267948462 3 4
1.5707963267948344 4 5
1.5707963267948963 5 6
1.570796326794897 6 7
1.959554470562381 7 8
1.570845186268784 8 9
2.4335416598939092 9 10
-1.5707601099183381 10 11
1.007785552638072 0 1
1.5708225677196597 1 2
1.5707963267948966 2 3
1.5707963267948966 3 4
1.5707963267948344 4 5
1.570796326794947 5 6
1.5708451862687842 6 7
1.1820381830274753 7 8
1.570832543671455 8 9
2.4335416598937796 9 10
0.0001046011802112875 10 11
Pauli 52
IIIIIIIIIIII 3.1641412930806916e-05
ZIIIIIIIIIII 1.25298263296905e-07
IZIIIIIIIIII 1.252982632968745e-07
ZZIIIIIIIIII 1.4410472902953077e-05
ZIZIIIIIIIII 1.538357850209302e-06
ZIIZIIIIIIII 1.5383578502081977e-06
ZIIIZIIIIIII 1.5383578502068642e-06
ZIIIIZIIIIII 1.5383578502058645e-06
IIIIIIIIZIII -1.3171263037727675e-08
ZIIIIIIIZIII -2.066081279822574e-06
IIIIIIIIIZII -1.3171263037738475e-08
ZIIIIIIIIZII -2.066081279824275e-06
IIIIIIIIIIZI -1.3448506163593038e-07
ZIIIIIIIIIZI -1.546704068806362e-05
IIIIIIIIIIIZ -1.3448506163596087e-07
ZIIIIIIIIIIZ -1.5467040688066244e-05
IZZIIIIIIIII 1.5383578502089986e-06
IZIZIIIIIIII 1.538357850207894e-06
IZIIZIIIIIII 1.5383578502065608e-06
IZIIIZIIIIII 1.538357850205561e-06
IZIIIIIIZIII -2.0660812798221666e-06
IZIIIIIIIZII -2.066081279823867e-06
IZIIIIIIIIZI -1.5467040688060566e-05
IZIIIIIIIIIZ -1.5467040688063192e-05
IIZZIIIIIIII 1.6422395650967524e-07
IIZIZIIIIIII 1.6422395650953288e-07
IIZIIZIIIIII 1.6422395650942616e-07
IIZIIIIIZIII -2.205598926134881e-07
IIZIIIIIIZII -2.2055989261366967e-07
IIZIIIIIIIZI -1.6511493843556437e-06
IIZIIIIIIIIZ -1.6511493843559236e-06
IIIZZIIIIIII 1.6422395650941499e-07
IIIZIZIIIIII 1.6422395650930829e-07
IIIZIIIIZIII -2.205598926133298e-07
IIIZIIIIIZII -2.205598926135113e-07
IIIZIIIIIIZI -1.6511493843544582e-06
IIIZIIIIIIIZ -1.6511493843547386e-06
IIIIZZIIIIII 1.6422395650916593e-07
IIIIZIIIZIII -2.205598926131386e-07
IIIIZIIIIZII -2.2055989261332014e-07
IIIIZIIIIIZI -1.651149384353027e-06
IIIIZIIIIIIZ -1.6511493843533073e-06
IIIIIZIIZIII -2.2055989261299527e-07
IIIIIZIIIZII -2.205598926131768e-07
IIIIIZIIIIZI -1.6511493843519542e-06
IIIIIZIIIIIZ -1.6511493843522342e-06
IIIIIIIIZZII 2.962214969337468e-07
IIIIIIIIZIZI 2.217565199633897e-06
IIIIIIIIZIIZ 2.2175651996342733e-06
IIIIIIIIIZZI 2.217565199635722e-06
IIIIIIIIIZIZ 2.2175651996360983e-06
IIIIIIIIIIZZ 1.660107543016056e-05

Phase 1
1.0 1.0 1.0 1.0 1.0 1.0 1.0 1.0 1.0 1.0 1.0 1.0
Givens 65
1.5707963267948968 10 11
0.6044577195615598 9 10
1.5707963267948963 10 11
1.5707963267948966 8 9
0.6044577195615604 9 10
-2.0411862237971574 10 11
1.546300472060199 7 8
1.5707963267948966 8 9
2.590288481803734 9 10
0.18445147026287748 10 11
1.5707963267948966 6 7
1.5463004720601994 7 8
2.9706529105966526 8 9
2.751205235272121 9 10
-1.3214863278706324 10 11
1.4826938055043866 5 6
1.5707963267948966 6 7
1.5769623945915205 7 8
1.4617041659073382 8 9
0.06821268832888407 9 10
-3.1051038026030198 10 11
1.5707963267948966 4 5
1.482693805504403 5 6
2.210691019238164 6 7
1.6983451551830375 7 8
1.4691906855608257 8 9
0.6772059974662924 9 10
-1.3767727496965407 10 11
2.1011899393033793 3 4
1.5707963267948966 4 5
1.4828887850617347 5 6
1.8053753163791164 6 7
1.4101446486486484 7 8
1.8362756035454852 8 9
0.6924877190581102 9 10
-1.4940900242026283 10 11
1.5707963267948966 2 3
2.1011899393033806 3 4
1.6144304030090266 4 5
1.603329716472214 5 6
1.4687250740879392 6 7
0.8408250830529963 7 8
1.3157591013707133 8 9
2.1801896953519475 9 10
-1.4563679675458838 10 11
1.5743293771435152 1 2
1.5707963267948963 2 3
1.4117554946260134 3 4
2.294833199023189 4 5
1.2649131136175746 5 6
1.519613484582311 6 7
1.5704266532693292 7 8
1.3581029988181585 8 9
3.136427651534145 9 10
-1.4562976614685643 10 11
1.5707963267948966 0 1
1.574329377143515 1 2
1.2171636369679222 2 3
1.6003882721317566 3 4
1.3668549228465356 4 5
0.6529198092644847 5 6
1.4594772745540747 6 7
0.8007824154553194 7 8
1.3852355178547144 8 9
-0.009031998679159716 9 10
Pauli 7
ZZIIIIIIIIII 0.00040255116317168305
ZIIIIIIIIIZI -0.0004025511631716831
ZIIIIIIIIIIZ -0.00040255116317168386
IZIIIIIIIIZI -0.00040255116317168245
IZIIIIIIIIIZ -0.0004025511631716832
IIIIIIIIIIII 0.0008051023263433664
IIIIIIIIIIZZ 0.0004025511631716833

Phase 1
1.0 1.0 1.0 1.0 1.0 1.0 1.0 1.0 1.0 1.0 1.0 -1.0
Givens 66
3.141589352385587 10 11
1.5707961844767533 9 10
1.5277118543548565 10 11
1.527711854354879 8 9
1.5707964691130398 9 10
-1.628729445875476 10 11
1.570801101838694 7 8
2.536700716918142 8 9
1.6438751519431742 9 10
-1.575417181248228 10 11
2.5367007169180185 6 7
1.570791551751099 7 8
1.5861249286221835 8 9
1.2456304595001 9 10
-0.00018675755779194695 10 11
1.5707966183930029 5 6
1.658898848084907 6 7
1.8939032632867252 7 8
1.582547568550412 8 9
1.5745322148397451 9 10
-0.7898087479748782 10 11
1.6588988480848907 4 5
1.5707960351967898 5 6
1.6651091206616917 6 7
0.4743349770756973 7 8
2.1387541038726092 8 9
3.1409806171175454 9 10
-0.5738908388723156 10 11
1.5707943908250657 3 4
1.0404027142895595 4 5
1.6067666477424918 5 6
1.573831915043576 6 7
1.571091300729083 7 8
1.568262403742371 8 9
1.1309926321831574 9 10
-0.7050296099046774 10 11
1.0404027142896466 2 3
1.5707982627647274 3 4
1.5719655719514964 4 5
1.5792802127387173 5 6
2.4976612330484738 6 7
1.3535386853046205 7 8
1.5732407521065024 8 9
1.5704483789645318 9 10
1.6106036613145174 10 11
1.5707963151315738 1 2
1.5672632764462742 2 3
0.6646761557485895 3 4
1.4967369518847513 4 5
1.5707019555084187 5 6
1.5782403838732015 6 7
2.1232299454827923 7 8
1.3167274725671312 8 9
0.006977016936670358 9 10
-1.610618749642926 10 11
1.5672632764462706 0 1
1.570796338458219 1 2
1.5078786318088213 2 3
2.180729477257639 3 4
1.5457643939779273 4 5
1.8845388456433612 5 6
1.5698434761182862 6 7
1.5687597857181088 7 8
1.5394279590225535 8 9
0.004544136903535148 9 10
0.0 10 11
Pauli 7
ZZIIIIIIIIII 0.0004025511631716924
ZIIIIIIIIIZI -0.00040255116317168446
ZIIIIIIIIIIZ -0.00040255116317177624
IZIIIIIIIIZI -0.0004025511631715934
IZIIIIIIIIIZ -0.00040255116317168516
IIIIIIIIIIII 0.000805102326343301
IIIIIIIIIIZZ 0.00040255116317167725

Phase 1
1.0 1.0 1.0 1.0 1.0 1.0 1.0 1.0 1.0 1.0 1.0 1.0
Givens 66
3.1373455692695167 10 11
1.5707963267948966 9 10
-1.5707963267948903 10 11
1.5707963267948903 8 9
1.5707963267948966 9 10
-2.2303967954698494 10 11
1.5707963267948952 7 8
1.5707963267952287 8 9
3.1182209441658038 9 10
0.9113281255004169 10 11
1.570796326795225 6 7
1.570796326794899 7 8
1.5716370456798752 8 9
0.018710395835400937 9 10
1.5959685572301106 10 11
1.4562197001278594 5 6
3.1044606454292034 6 7
3.141592653589793 7 8
1.571368936878249 8 9
1.542304576834772 9 10
1.5874640985610908 10 11
3.1044606454292065 4 5
1.685372953461934 5 6
1.5705136424503618 6 7
0.0 7 8
1.5711259854247621 8 9
1.5497819984421544 9 10
-1.5627701393196263 10 11
1.5651183022132094 3 4
2.4993761292358223 4 5
2.8555053120793223 5 6
1.5705251320500289 6 7
1.5707963267948963 7 8
1.5707963267949012 8 9
1.5707963267949043 9 10
-1.5707963267948972 10 11
2.4993761292357917 2 3
1.5764743513765835 3 4
1.5705251320500282 4 5
0.28608734151046517 5 6
1.5707963267948966 6 7
1.5707963267948966 7 8
1.5707963267948966 8 9
1.5707963267948892 9 10
3.1378668637324063 10 11
1.5763051491694484 1 2
0.656786764423728 2 3
1.9569074239005784 3 4
1.570689871071756 4 5
1.5707963267948966 5 6
1.570796326794897 6 7
1.5707963267948903 7 8
1.5707963267948966 8 9
1.565770357211926 9 10
0.6379190025007665 10 11
0.6567867644237081 0 1
1.5652875044203445 1 2
1.5706898710717558 2 3
1.184685229689238 3 4
1.5707963267948966 4 5
1.5707963267948966 5 6
1.5707963267948966 6 7
1.5707963267949028 7 8
0.6379190025007506 8 9
1.575822296377867 9 10
0.022096688623267295 10 11
Pauli 79
IIIIIIIIIIII 0.0018236111418726637
ZIIIIIIIIIII 7.2747820299574e-05
IZIIIIIIIIII 7.274782029957226e-05
ZZIIIIIIIIII 0.00039163658895623594
IIZIIIIIIIII 3.756596485952817e-05
ZIZIIIIIIIII 0.00020223569967940273
IIIZIIIIIIII 3.7565964859526894e-05
ZIIZIIIIIIII 0.00020223569967939563
IIIIZIIIIIII 2.5790839980856798e-05
ZIIIZIIIIIII 0.00013884452557925256
IIIIIZIIIIII 2.57908399808565e-05
ZIIIIZIIIIII 0.00013884452557925156
IIIIIIZIIIII 2.579083998085627e-05
ZIIIIIZIIIII 0.00013884452557925053
IIIIIIIZIIII 2.579083998085635e-05
ZIIIIIIZIIII 0.00013884452557925013
IIIIIIIIZIII -5.044463112266923e-05
ZIIIIIIIZIII -0.0002715677690779404
IIIIIIIIIZII -5.0444631122669554e-05
ZIIIIIIIIZII -0.00027156776907794283
IIIIIIIIIIZI -0.0001182074107680055
ZIIIIIIIIIZI -0.0006363674808659868
IIIIIIIIIIIZ -0.00011820741076800593
ZIIIIIIIIIIZ -0.0006363674808659876
IZZIIIIIIIII 0.00020223569967939829
IZIZIIIIIIII 0.00020223569967939118
IZIIZIIIIIII 0.00013884452557924953
IZIIIZIIIIII 0.00013884452557924853
IZIIIIZIIIII 0.00013884452557924747
IZIIIIIZIIII 0.0001388445255792471
IZIIIIIIZIII -0.0002715677690779344
IZIIIIIIIZII -0.00027156776907793687
IZIIIIIIIIZI -0.0006363674808659728
IZIIIIIIIIIZ -0.0006363674808659737
IIZZIIIIIIII 0.00010443170882939538
IIZIZIIIIIII 7.169738622228686e-05
IIZIIZIIIIII 7.169738622228636e-05
IIZIIIZIIIII 7.169738622228582e-05
IIZIIIIZIIII 7.169738622228561e-05
IIZIIIIIZIII -0.00014023382732502484
IIZIIIIIIZII -0.00014023382732502614
IIZIIIIIIIZI -0.0003286113360581084
IIZIIIIIIIIZ -0.0003286113360581089
IIIZZIIIIIII 7.169738622228435e-05
IIIZIZIIIIII 7.169738622228384e-05
IIIZIIZIIIII 7.169738622228331e-05
IIIZIIIZIIII 7.169738622228309e-05
IIIZIIIIZIII -0.00014023382732501993
IIIZIIIIIZII -0.0001402338273250212
IIIZIIIIIIZI -0.0003286113360580969
IIIZIIIIIIIZ -0.00032861133605809734
IIIIZZIIIIII 4.922370081586373e-05
IIIIZIZIIIII 4.9223700815863356e-05
IIIIZIIZIIII 4.922370081586322e-05
IIIIZIIIZIII -9.627726091868116e-05
IIIIZIIIIZII -9.627726091868205e-05
IIIIZIIIIIZI -0.00022560747250501042
IIIIZIIIIIIZ -0.00022560747250501074
IIIIIZZIIIII 4.9223700815863e-05
IIIIIZIZIIII 4.922370081586287e-05
IIIIIZIIZIII -9.627726091868047e-05
IIIIIZIIIZII -9.627726091868135e-05
IIIIIZIIIIZI -0.00022560747250500882
IIIIIZIIIIIZ -0.00022560747250500914
IIIIIIZZIIII 4.9223700815862495e-05
IIIIIIZIZIII -9.627726091867976e-05
IIIIIIZIIZII -9.627726091868064e-05
IIIIIIZIIIZI -0.0002256074725050071
IIIIIIZIIIIZ -0.00022560747250500746
IIIIIIIZZIII -9.627726091867948e-05
IIIIIIIZIZII -9.627726091868037e-05
IIIIIIIZIIZI -0.00022560747250500646
IIIIIIIZIIIZ -0.0002256074725050068
IIIIIIIIZZII 0.00018830991608449995
IIIIIIIIZIZI 0.0004412685177171554
IIIIIIIIZIIZ 0.00044126851771715607
IIIIIIIIIZZI 0.00044126851771715943
IIIIIIIIIZIZ 0.0004412685177171601
IIIIIIIIIIZZ 0.001034028949600945

Phase 1
1.0 1.0 1.0 1.0 1.0 1.0 1.0 1.0 1.0 1.0 1.0 1.0
Givens 66
1.5666561067093134 10 11
1.570796326794896 9 10
-1.5707963267948966 10 11
1.5707963267948966 8 9
1.5707963267948972 9 10
2.9409692004631114 10 11
1.570796326794928 7 8
1.5707963267948966 8 9
0.0980980066527685 9 10
0.2015666810578387 10 11
1.5707963267948977 6 7
1.5707963267948648 7 8
0.14253242184587114 8 9
3.0055160985385183 9 10
-1.5804276910751653 10 11
0.11315951509419399 5 6
1.5666825860514888 6 7
3.141592653589793 7 8
2.999616304085567 8 9
1.5674776985511212 9 10
3.1390423897801316 10 11
1.5666825860514888 4 5
3.0284331384956 5 6
2.9973208530391933 6 7
0.0 7 8
1.5707998763697004 8 9
1.5712281053521502 9 10
-0.00039497687809220253 10 11
0.9399810166506944 3 4
1.5683544019986502 4 5
2.3157605364842855 5 6
2.9304892453164406 6 7
1.5707963267948966 7 8
1.570796326794901 8 9
1.570796326794897 9 10
-1.570796326794898 10 11
1.5683544019986502 2 3
2.201611636939104 3 4
2.930489245316446 4 5
0.8258321171055072 5 6
1.5707963267948966 6 7
1.5707963267948966 7 8
1.5707963267948917 8 9
1.5707963267948966 9 10
1.5707963267948961 10 11
1.0355580456281213 1 2
1.5686846151295504 2 3
1.5526416467767041 3 4
1.446485145951554 4 5
1.5707963267948966 5 6
1.5707963267948946 6 7
1.5707963267948966 7 8
1.5707963267948966 8 9
2.9459739841977686 9 10
-1.5707963267948974 10 11
1.5686846151295504 0 1
2.106034607961664 1 2
1.44648514595155 2 3
1.5889510068130897 3 4
1.5707963267948966 4 5
1.5707963267948966 5 6
1.5707963267948986 6 7
1.5707963267948966 7 8
1.5707963267948963 8 9
2.945973984197723 9 10
-1.570796326794897 10 11
Pauli 79
IIIIIIIIIIII 0.0022130421009270403
ZIIIIIIIIIII -8.358457845315332e-05
IZIIIIIIIIII -8.358457845315223e-05
ZZIIIIIIIIII 0.0008259942039280626
IIZIIIIIIIII -4.169362703822848e-05
ZIZIIIIIIIII 0.00041202210876276844
IIIZIIIIIIII -4.16936270382281e-05
ZIIZIIIIIIII 0.00041202210876276795
IIIIZIIIIIII -8.244056398935772e-06
ZIIIZIIIIIII 8.146888969708148e-05
IIIIIZIIIIII -8.244056398935589e-06
ZIIIIZIIIIII 8.146888969708036e-05
IIIIIIZIIIII -8.244056398935589e-06
ZIIIIIZIIIII 8.146888969708013e-05
IIIIIIIZIIII -8.244056398935541e-06
ZIIIIIIZIIII 8.146888969708005e-05
IIIIIIIIZIII 5.528617149818765e-05
ZIIIIIIIZIII -0.000546345486930592
IIIIIIIIIZII 5.528617149818928e-05
ZIIIIIIIIZII -0.0005463454869306057
IIIIIIIIIIZI 8.225107246949642e-05
ZIIIIIIIIIZI -0.0008128163159278165
IIIIIIIIIIIZ 8.225107246949686e-05
ZIIIIIIIIIIZ -0.0008128163159278203
IZZIIIIIIIII 0.0004120221087627665
IZIZIIIIIIII 0.000412022108762766
IZIIZIIIIIII 8.14688896970811e-05
IZIIIZIIIIII 8.146888969707995e-05
IZIIIIZIIIII 8.146888969707974e-05
IZIIIIIZIIII 8.146888969707965e-05
IZIIIIIIZIII -0.0005463454869305893
IZIIIIIIIZII -0.0005463454869306031
IZIIIIIIIIZI -0.0008128163159278126
IZIIIIIIIIIZ -0.0008128163159278164
IIZZIIIIIIII 0.00020552470865050105
IIZIZIIIIIII 4.063827999267189e-05
IIZIIZIIIIII 4.063827999267133e-05
IIZIIIZIIIII 4.063827999267122e-05
IIZIIIIZIIII 4.063827999267117e-05
IIZIIIIIZIII -0.00027252784410309
IIZIIIIIIZII -0.00027252784410309683
IIZIIIIIIIZI -0.00040544871977640285
IIZIIIIIIIIZ -0.00040544871977640475
IIIZZIIIIIII 4.063827999267185e-05
IIIZIZIIIIII 4.063827999267128e-05
IIIZIIZIIIII 4.0638279992671165e-05
IIIZIIIZIIII 4.0638279992671124e-05
IIIZIIIIZIII -0.00027252784410308973
IIIZIIIIIZII -0.00027252784410309656
IIIZIIIIIIZI -0.0004054487197764024
IIIZIIIIIIIZ -0.0004054487197764043
IIIIZZIIIIII 8.03538324713614e-06
IIIIZIZIIIII 8.035383247136117e-06
IIIIZIIZIIII 8.035383247136109e-06
IIIIZIIIZIII -5.3886770632984894e-05
IIIIZIIIIZII -5.388677063298625e-05
IIIIZIIIIIZI -8.016913735157186e-05
IIIIZIIIIIIZ -8.016913735157224e-05
IIIIIZZIIIII 8.035383247136004e-06
IIIIIZIZIIII 8.035383247135995e-06
IIIIIZIIZIII -5.388677063298414e-05
IIIIIZIIIZII -5.388677063298549e-05
IIIIIZIIIIZI -8.016913735157073e-05
IIIIIZIIIIIZ -8.016913735157113e-05
IIIIIIZZIIII 8.035383247135973e-06
IIIIIIZIZIII -5.3886770632984e-05
IIIIIIZIIZII -5.388677063298535e-05
IIIIIIZIIIZI -8.016913735157053e-05
IIIIIIZIIIIZ -8.01691373515709e-05
IIIIIIIZZIII -5.3886770632983945e-05
IIIIIIIZIZII -5.3886770632985294e-05
IIIIIIIZIIZI -8.016913735157044e-05
IIIIIIIZIIIZ -8.016913735157082e-05
IIIIIIIIZZII 0.0003613746799552943
IIIIIIIIZIZI 0.0005376291065952642
IIIIIIIIZIIZ 0.0005376291065952667
IIIIIIIIIZZI 0.0005376291065952776
IIIIIIIIIZIZ 0.0005376291065952801
IIIIIIIIIIZZ 0.0007998486675773419

Phase 1
1.0 1.0 1.0 1.0 1.0 1.0 1.0 1.0 1.0 1.0 1.0 -1.0
Givens 66
-1.0229044950332447 10 11
1.9497822707618802 9 10
-1.3487548179611548 10 11
1.792837835628637 8 9
1.9497822707618808 9 10
1.5671542317347726 10 11
0.11580269972310216 7 8
2.1157046825808954 8 9
2.1006209051137126 9 10
-0.056420894063226534 10 11
1.0258879710088988 6 7
0.1158026997231012 7 8
1.5600612935942226 8 9
1.717405348325649 9 10
-1.176946343070052 10 11
1.4103315787983421 5 6
1.6679864067594088 6 7
1.48972946104283 7 8
2.370732938024817 8 9
1.6276825037590559 9 10
0.019255215294206603 10 11
1.4736062468303843 4 5
1.4103315787983417 5 6
1.5771618149020632 6 7
1.499476218284764 7 8
1.4597090174800538 8 9
1.467699250490111 9 10
-0.034355933053378154 10 11
1.480377965877659 3 4
1.625839558728152 4 5
1.8854409222090474 5 6
0.47992507222420594 6 7
1.4832958824592275 7 8
0.63677725175607 8 9
1.7015880414151863 9 10
1.6812622274831286 10 11
1.515753094861641 2 3
1.480377965877659 3 4
1.5497358594651551 4 5
1.6668839288899024 5 6
1.6810424074164683 6 7
1.5515043371531994 7 8
1.140828999451915 8 9
2.927399606282615 9 10
-1.5997681896920777 10 11
0.8918008175138084 1 2
1.9367522248481368 2 3
1.5559164748636296 3 4
1.5773297767605805 4 5
1.5820746122671978 5 6
1.8835164875193244 6 7
1.5674521639850691 7 8
1.5734246693744791 8 9
1.459209606332788 9 10
-1.5669780582814865 10 11
1.204840428741656 0 1
0.8918008175138086 1 2
1.5713080874627914 2 3
1.56891082789525 3 4
1.5872040778431722 4 5
1.5742230146403773 5 6
1.8805000424225669 6 7
1.5708888684147464 7 8
1.568480575140259 8 9
1.6912813960030044 9 10
2.715669798016541 10 11
Pauli 7
ZZIIIIIIIIII 0.0016014339755285362
ZIIIIIIIIIZI -0.0016014339755285342
ZIIIIIIIIIIZ -0.0016014339755285353
IZIIIIIIIIZI -0.0016014339755285338
IZIIIIIIIIIZ -0.0016014339755285349
IIIIIIIIIIII 0.0032028679510570637
IIIIIIIIIIZZ 0.001601433975528533

Phase 1
1.0 1.0 1.0 1.0 1.0 1.0 1.0 1.0 1.0 1.0 1.0 1.0
Givens 66
0.19593343072477581 10 11
0.4329673508523933 9 10
2.926324277452857 10 11
0.215268376136936 8 9
0.4329673508523933 9 10
1.5729702986043674 10 11
1.5626565399865366 7 8
1.611783556300886 8 9
2.539673597813143 9 10
1.5725551405707872 10 11
1.5298090972889073 6 7
1.5626565399865369 7 8
1.5689602415360067 8 9
2.53472380821545 9 10
-0.14797756975701937 10 11
1.5338992529472664 5 6
1.7545558113202926 6 7
1.644858163413018 7 8
1.5709294435877954 8 9
1.4920257211717212 9 10
1.1244755996029294 10 11
1.3870368422695016 4 5
1.5338992529472666 5 6
1.5705646505132882 6 7
1.6465447055215665 7 8
1.7592277932851226 8 9
1.5430715288250294 9 10
1.5749692335593248 10 11
1.5501215960448658 3 4
1.6745800729338165 4 5
1.0359490154688362 5 6
1.569704684210161 6 7
1.364892472197186 7 8
0.6750138428290239 8 9
1.8408567145974446 9 10
1.5692665097120726 10 11
1.4670125806559766 2 3
1.5501215960448658 3 4
1.571992564157044 4 5
1.0387263139877976 5 6
2.4907135023314266 6 7
1.3598775287813585 7 8
1.5651370428035563 8 9
1.63199418761402 9 10
-1.568014106087508 10 11
1.3887841891143757 1 2
2.310188734785179 2 3
1.5672125180066272 3 4
1.5707876757236197 4 5
1.6152016816643602 5 6
1.8377155289149634 6 7
1.7656016739225056 7 8
1.572591347718611 8 9
1.5774102681163429 9 10
-1.5707978946065657 10 11
0.8314039188046141 0 1
1.388784189114376 1 2
1.570807381702044 2 3
1.5658434876558711 3 4
1.3368668276235642 4 5
1.6085976276838578 5 6
1.570359064255915 6 7
1.8055465576591414 7 8
1.570781969585396 8 9
1.5655728532065993 9 10
2.9690738087543775 10 11
Pauli 7
ZZIIIIIIIIII 0.0016014339755285418
ZIIIIIIIIIZI -0.001601433975528543
ZIIIIIIIIIIZ -0.001601433975528545
IZIIIIIIIIZI -0.0016014339755285412
IZIIIIIIIIIZ -0.0016014339755285433
IIIIIIIIIIII 0.003202867951057089
IIIIIIIIIIZZ 0.0016014339755285444

Phase 1
1.0 1.0 1.0 1.0 1.0 1.0 1.0 1.0 1.0 1.0 1.0 -1.0
Givens 66
1.5707843225635567 10 11
1.5707963267948966 9 10
-1.5707963267948966 10 11
1.5707963267948966 8 9
1.5707963267948966 9 10
-0.10419153768972231 10 11
1.5707963267948974 7 8
1.5707963267948966 8 9
0.9764571973619484 9 10
-2.956973759451218 10 11
1.570796326794897 6 7
1.5707963267948974 7 8
0.18310198535785321 8 9
0.9506183908401991 9 10
3.141399968016025 10 11
0.8920519872581236 5 6
1.570788790344458 6 7
3.141592653589793 7 8
0.10337596093482014 8 9
1.5464773669367642 9 10
-0.150932621214219 10 11
1.5708038632453352 4 5
0.8920519872581224 5 6
3.0326813183333807 6 7
3.141592653589793 7 8
2.9969976270612864 8 9
1.570655871173649 9 10
1.5707960812908972 10 11
1.7001012188780826 3 4
1.5707978746789324 4 5
1.56117121589656 5 6
1.6585946242244838 6 7
1.5707963267948968 7 8
1.5707963267948963 8 9
1.5707963267948966 9 10
1.5707963267948966 10 11
1.570794778910861 2 3
1.7001012188780826 3 4
1.4829980293653122 4 5
1.5611712158965605 5 6
1.5707963267948968 6 7
1.5707963267948966 7 8
1.5707963267948966 8 9
1.5707963267948966 9 10
1.5716723987440124 10 11
0.8175773834821598 1 2
1.5707881160148258 2 3
1.5687433290772204 3 4
1.5895696921210174 4 5
1.5707963267948963 5 6
1.5707963267948968 6 7
1.5707963267948966 7 8
1.5707963267948966 8 9
2.061462443402063 9 10
1.5712091438242262 10 11
1.5708045375749673 0 1
0.8175773834821597 1 2
1.5520229614687724 2 3
1.56874332907722 3 4
1.5707963267948963 4 5
1.5707963267948966 5 6
1.5707963267948966 6 7
1.5707963267948966 7 8
1.570383509765567 8 9
2.0614624434020623 9 10
1.5707121389759804 10 11
Pauli 79
IIIIIIIIIIII 0.0037169857581988187
ZIIIIIIIIIII 1.751333665864956e-05
IZIIIIIIIIII 1.7513336658650644e-05
ZZIIIIIIIIII 0.001734405959212734
IIZIIIIIIIII 2.911563275966424e-06
ZIZIIIIIIIII 0.0002883421243413982
IIIZIIIIIIII 2.911563275966424e-06
ZIIZIIIIIIII 0.00028834212434139793
IIIIZIIIIIII 4.162398642161604e-07
ZIIIZIIIIIII 4.122166523886482e-05
IIIIIZIIIIII 4.1623986421613667e-07
ZIIIIZIIIIII 4.122166523886266e-05
IIIIIIZIIIII 4.1623986421614683e-07
ZIIIIIZIIIII 4.122166523886195e-05
IIIIIIIZIIII 4.162398642160994e-07
ZIIIIIIZIIII 4.122166523885686e-05
IIIIIIIIZIII -3.1249297783178336e-06
ZIIIIIIIZIII -0.0003094725428554336
IIIIIIIIIZII -3.124929778317969e-06
ZIIIIIIIIZII -0.00030947254285544233
IIIIIIIIIIZI -1.822087121403082e-05
ZIIIIIIIIIZI -0.0018044755395057413
IIIIIIIIIIIZ -1.8220871214030604e-05
ZIIIIIIIIIIZ -0.0018044755395057505
IZZIIIIIIIII 0.00028834212434139707
IZIZIIIIIIII 0.0002883421243413968
IZIIZIIIIIII 4.122166523886466e-05
IZIIIZIIIIII 4.122166523886249e-05
IZIIIIZIIIII 4.122166523886178e-05
IZIIIIIZIIII 4.1221665238856694e-05
IZIIIIIIZIII -0.0003094725428554324
IZIIIIIIIZII -0.0003094725428554411
IZIIIIIIIIZI -0.0018044755395057342
IZIIIIIIIIIZ -0.0018044755395057433
IIZZIIIIIIII 4.79364016411986e-05
IIZIZIIIIIII 6.853033720697873e-06
IIZIIZIIIIII 6.853033720697513e-06
IIZIIIZIIIII 6.853033720697396e-06
IIZIIIIZIIII 6.853033720696549e-06
IIZIIIIIZIII -5.14492987978282e-05
IIZIIIIIIZII -5.144929879782965e-05
IIZIIIIIIIZI -0.0002999910762641445
IIZIIIIIIIIZ -0.00029999107626414603
IIIZZIIIIIII 6.853033720697866e-06
IIIZIZIIIIII 6.853033720697506e-06
IIIZIIZIIIII 6.853033720697389e-06
IIIZIIIZIIII 6.853033720696541e-06
IIIZIIIIZIII -5.144929879782814e-05
IIIZIIIIIZII -5.144929879782959e-05
IIIZIIIIIIZI -0.0002999910762641442
IIIZIIIIIIIZ -0.0002999910762641457
IIIIZZIIIIII 9.79716240041194e-07
IIIIZIZIIIII 9.797162400411772e-07
IIIIZIIZIIII 9.79716240041056e-07
IIIIZIIIZIII -7.355240850300936e-06
IIIIZIIIIZII -7.355240850301144e-06
IIIIZIIIIIZI -4.288701052145188e-05
IIIIZIIIIIIZ -4.2887010521452095e-05
IIIIIZZIIIII 9.79716240041126e-07
IIIIIZIZIIII 9.797162400410048e-07
IIIIIZIIZIII -7.355240850300549e-06
IIIIIZIIIZII -7.355240850300757e-06
IIIIIZIIIIZI -4.288701052144962e-05
IIIIIZIIIIIZ -4.2887010521449846e-05
IIIIIIZZIIII 9.79716240040988e-07
IIIIIIZIZIII -7.355240850300425e-06
IIIIIIZIIZII -7.3552408503006315e-06
IIIIIIZIIIZI -4.288701052144889e-05
IIIIIIZIIIIZ -4.288701052144911e-05
IIIIIIIZZIII -7.355240850299516e-06
IIIIIIIZIZII -7.355240850299722e-06
IIIIIIIZIIZI -4.288701052144359e-05
IIIIIIIZIIIZ -4.288701052144381e-05
IIIIIIIIZZII 5.5219629679364715e-05
IIIIIIIIZIZI 0.000321975158563656
IIIIIIIIZIIZ 0.00032197515856365765
IIIIIIIIIZZI 0.0003219751585636651
IIIIIIIIIZIZ 0.00032197515856366676
IIIIIIIIIIZZ 0.0018773759138561387

Phase 1
1.0 1.0 1.0 1.0 1.0 1.0 1.0 1.0 1.0 1.0 1.0 -1.0
Givens 66
-0.01943507528000009 10 11
1.5707963267948966 9 10
1.5707963267948966 10 11
1.5707963267948966 8 9
1.5707963267948966 9 10
1.0569107075655655 10 11
1.5707963267948966 7 8
1.5707963267949006 8 9
3.1389441441385055 9 10
-2.6704603531166056 10 11
1.5707963267948988 6 7
1.5707963267948983 7 8
1.5898326825359663 8 9
2.4414323706087384e-05 9 10
-0.04977255010926763 10 11
1.5580336612309689 5 6
0.9898082511285916 6 7
1.5707963267948986 7 8
1.570796326794896 8 9
1.5707963267948966 9 10
-1.5707963267948966 10 11
0.9898082511285887 4 5
1.5835589923588245 5 6
1.5707963267948966 6 7
1.5707963267948954 7 8
1.5707963267948966 8 9
1.5707963267948966 9 10
3.1351062948734554 10 11
1.572222129479289 3 4
1.6440182692470349 4 5
1.5707963267948961 5 6
1.5707963267948966 6 7
1.5707963267948966 7 8
1.5707963267948966 8 9
1.5648624933993938 9 10
-2.311727841679559 10 11
1.6440182692470324 2 3
1.5693705241105043 3 4
1.5707963267948966 4 5
1.570796326794897 5 6
1.5707963267948966 6 7
1.5707963267948966 7 8
0.8298648119102302 8 9
1.564862493399394 9 10
1.575301778004872 10 11
1.5681076504803393 1 2
1.4333446859552281 2 3
1.5707963267948966 3 4
1.5707963267948966 4 5
1.5707963267948966 5 6
1.5707963267948966 6 7
1.5391250023526892 7 8
2.9395482114586127 8 9
1.6875278000932001 9 10
1.5713210646652647 10 11
1.4333446859552281 0 1
1.5734850031094536 1 2
1.5707963267948966 2 3
1.5707963267948968 3 4
1.5707963267948966 4 5
1.5707963267948966 5 6
0.20204444213118042 6 7
1.539125002352689 7 8
1.5713210646652642 8 9
1.4540648534965974 9 10
1.5336856690128375 10 11
Pauli 79
IIIIIIIIIIII 0.006895795367969642
ZIIIIIIIIIII -4.0789976822280024e-05
IZIIIIIIIIII -4.0789976822277856e-05
ZZIIIIIIIIII 0.0008669550707405097
IIZIIIIIIIII -3.363309096993572e-05
ZIZIIIIIIIII 0.0007148417585061443
IIIZIIIIIIII -3.3633090969934854e-05
ZIIZIIIIIIII 0.0007148417585061425
IIIIZIIIIIII -3.36330909699316e-05
ZIIIZIIIIIII 0.0007148417585060806
IIIIIZIIIIII -3.363309096993225e-05
ZIIIIZIIIIII 0.00071484175850608
IIIIIIZIIIII -2.1411230896605535e-06
ZIIIIIZIIIII 4.55076875318778e-05
IIIIIIIZIIII -2.1411230896604044e-06
ZIIIIIIZIIII 4.5507687531874955e-05
IIIIIIIIZIII 1.3783495009284824e-05
ZIIIIIIIZIII -0.00029295605984015603
IIIIIIIIIZII 1.378349500928504e-05
ZIIIIIIIIZII -0.00029295605984015966
IIIIIIIIIIZI 9.545420873673625e-05
ZIIIIIIIIIZI -0.002028795227033313
IIIIIIIIIIIZ 9.545420873673539e-05
ZIIIIIIIIIIZ -0.002028795227033313
IZZIIIIIIIII 0.0007148417585061432
IZIZIIIIIIII 0.0007148417585061413
IZIIZIIIIIII 0.0007148417585060794
IZIIIZIIIIII 0.0007148417585060788
IZIIIIZIIIII 4.550768753187773e-05
IZIIIIIZIIII 4.550768753187489e-05
IZIIIIIIZIII -0.00029295605984015554
IZIIIIIIIZII -0.0002929560598401592
IZIIIIIIIIZI -0.00202879522703331
IZIIIIIIIIIZ -0.00202879522703331
IIZZIIIIIIII 0.0005894177875534947
IIZIZIIIIIII 0.0005894177875534437
IIZIIZIIIIII 0.0005894177875534432
IIZIIIZIIIII 3.752304644005305e-05
IIZIIIIZIIII 3.7523046440050705e-05
IIZIIIIIZIII -0.00024155487642778806
IIZIIIIIIZII -0.00024155487642779104
IIZIIIIIIIZI -0.0016728289581403773
IIZIIIIIIIIZ -0.0016728289581403773
IIIZZIIIIIII 0.0005894177875534421
IIIZIZIIIIII 0.0005894177875534416
IIIZIIZIIIII 3.752304644005295e-05
IIIZIIIZIIII 3.75230464400506e-05
IIIZIIIIZIII -0.0002415548764277874
IIIZIIIIIZII -0.00024155487642779042
IIIZIIIIIIZI -0.001672828958140373
IIIZIIIIIIIZ -0.001672828958140373
IIIIZZIIIIII 0.0005894177875533906
IIIIZIZIIIII 3.75230464400497e-05
IIIIZIIZIIII 3.752304644004736e-05
IIIIZIIIZIII -0.0002415548764277665
IIIIZIIIIZII -0.00024155487642776952
IIIIZIIIIIZI -0.001672828958140228
IIIIZIIIIIIZ -0.001672828958140228
IIIIIZZIIIII 3.752304644004967e-05
IIIIIZIZIIII 3.752304644004732e-05
IIIIIZIIZIII -0.0002415548764277663
IIIIIZIIIZII -0.00024155487642776933
IIIIIZIIIIZI -0.0016728289581402268
IIIIIZIIIIIZ -0.0016728289581402268
IIIIIIZZIIII 2.388762341201825e-06
IIIIIIZIZIII -1.5377674439793722e-05
IIIIIIZIIZII -1.5377674439793915e-05
IIIIIIZIIIZI -0.00010649430676855826
IIIIIIZIIIIZ -0.00010649430676855826
IIIIIIIZZIII -1.5377674439792763e-05
IIIIIIIZIZII -1.5377674439792953e-05
IIIIIIIZIIZI -0.00010649430676855162
IIIIIIIZIIIZ -0.00010649430676855162
IIIIIIIIZZII 9.89938877960124e-05
IIIIIIIIZIZI 0.0006855578518348489
IIIIIIIIZIIZ 0.0006855578518348489
IIIIIIIIIZZI 0.0006855578518348575
IIIIIIIIIZIZ 0.0006855578518348575
IIIIIIIIIIZZ 0.004747662493879247

Phase 1
1.0 1.0 1.0 1.0 1.0 1.0 1.0 1.0 1.0 1.0 1.0 -1.0
Givens 66
3.001499244317849 10 11
0.9517430138234274 9 10
3.141592653589793 10 11
3.141592653589793 8 9
2.189849639766366 9 10
2.710811546201248 10 11
1.5707963267948968 7 8
0.785398163397448 8 9
1.5707963267948963 9 10
1.5707963267948983 10 11
0.7853981633974483 6 7
1.5707963267948963 7 8
1.5707963267948968 8 9
1.5707963267948857 9 10
2.9909041457391585 10 11
1.5707963267948966 5 6
1.5707963267948966 6 7
2.8827864066719933 7 8
0.26966474369017 8 9
3.141592653589793 9 10
-0.3454816397054513 10 11
1.5707963267948966 4 5
1.5707963267948966 5 6
1.8171374790376933 6 7
0.4109228898749514 7 8
2.0046135441333153 8 9
3.141592653589793 9 10
-0.5066256933740122 10 11
1.5707963267948966 3 4
1.5707963267948963 4 5
1.5532292966683034 5 6
2.630441866124089 6 7
0.7406144279889223 7 8
2.507570483215581 8 9
0.0 9 10
-2.3879578793047616 10 11
1.5707963267948972 2 3
1.5707963267948966 3 4
1.7644157080006617 4 5
1.961522345253229 5 6
2.0822761956410516 6 7
1.1839690476510172 7 8
2.2559814322263034 8 9
0.0 9 10
2.361987855304185 10 11
1.5707963267948966 1 2
1.5707963267948966 2 3
1.389442147526464 3 4
1.7333994418627474 4 5
2.331606285284361 5 6
1.151893331175041 6 7
1.4643695629785574 7 8
2.4936698401680766 8 9
3.141592653589793 9 10
2.803790068070022 10 11
1.5707963267948963 0 1
1.5707963267948966 1 2
2.3025247241064406 2 3
1.519386048961501 3 4
1.7328798655924975 4 5
1.3786805665554216 5 6
1.5039107713397735 6 7
2.098743974592077 7 8
2.7203592386985327 8 9
0.0 9 10
-1.5707963267948966 10 11
Pauli 7
ZZIIIIIIIIII 0.004217284878422757
ZIIIIIIIIIZI -0.004217284878422755
ZIIIIIIIIIIZ -0.004217284878422756
IZIIIIIIIIZI -0.004217284878422754
IZIIIIIIIIIZ -0.0042172848784227555
IIIIIIIIIIII 0.008434569756845504
IIIIIIIIIIZZ 0.004217284878422753

Phase 1
1.0 1.0 1.0 1.0 1.0 1.0 1.0 1.0 1.0 1.0 1.0 1.0
Givens 1
0.0 0.0 0.0
Pauli 7
IIIIIIZZIIII 0.004217284878422728
IIIIIIZIZIII -0.004217284878422781
IIIIIIZIIZII -0.004217284878422785
IIIIIIIZZIII -0.004217284878422783
IIIIIIIZIZII -0.004217284878422788
IIIIIIIIIIII 0.008434569756845737
IIIIIIIIZZII 0.004217284878422841

Phase 1
1.0 1.0 1.0 1.0 1.0 1.0 1.0 1.0 1.0 1.0 1.0 1.0
Givens 66
3.141592653589793 10 11
1.5707963267948966 9 10
-0.5173533048831868 10 11
0.5173533048831856 8 9
1.5707963267948966 9 10
-3.0696553519928393 10 11
1.5707963267948966 7 8
1.5716207591432172 8 9
1.5250341701182217 9 10
-0.21254634377920797 10 11
1.5716207591432174 6 7
1.5707963267948968 7 8
2.540535048388337 8 9
2.6963252165459632 9 10
-2.7333390861595595 10 11
1.5707963267948966 5 6
1.0302817818417869 6 7
1.5283288499177836 7 8
1.50567514287437 8 9
2.1380067444087296 9 10
-2.1653596137564906 10 11
1.0302817818417862 4 5
1.5707963267948966 5 6
1.1293905668857573 6 7
2.2739626403877167 7 8
1.703379766598899 8 9
1.681965977564478 9 10
-3.0415874449362867 10 11
1.5707963267948963 3 4
1.8912311142302358 4 5
1.5834078110621033 5 6
1.5521397613347256 6 7
1.5537968347638993 7 8
1.5017216918501761 8 9
0.34556655684972504 9 10
3.0497717931869173 10 11
1.8912311142302356 2 3
1.5707963267948966 3 4
0.48081537333996077 4 5
2.3189617965998064 5 6
1.7230060258634146 6 7
1.41379606103779 7 8
2.0085667316428117 8 9
1.4477543835582545 9 10
-0.43020979478148025 10 11
1.5707963267948966 1 2
1.594056118482759 2 3
1.5148401649619527 3 4
1.319162575744766 4 5
1.7509951056158002 5 6
0.8006808313737351 6 7
3.0114956992709985 7 8
1.2635618539788926 8 9
0.7887010495583023 9 10
0.3988192026910484 10 11
1.594056118482759 0 1
1.5707963267948966 1 2
1.7752675220070069 2 3
1.9316081278671997 3 4
1.6483502179496592 4 5
1.612317322448814 5 6
0.4419681285165665 6 7
0.7477386173074946 7 8
2.8164235895698275 8 9
0.27792897492433793 9 10
1.5707963267948966 10 11
Pauli 7
ZZIIIIIIIIII 0.00450510721511349
ZIIIIIIIIIZI -0.004505107215113491
ZIIIIIIIIIIZ -0.004505107215113496
IZIIIIIIIIZI -0.004505107215113485
IZIIIIIIIIIZ -0.00450510721511349
IIIIIIIIIIII 0.009010214430226978
IIIIIIIIIIZZ 0.004505107215113491

Phase 1
1.0 1.0 1.0 1.0 1.0 1.0 1.0 1.0 1.0 1.0 1.0 1.0
Givens 65
-1.5707963267948966 10 11
1.5691293989125186 9 10
-1.5707963267948963 10 11
1.5707963267948963 8 9
1.5724632546772748 9 10
1.7509314742185313 10 11
0.5173539020934248 7 8
1.5707963267948966 8 9
3.0348939515799627 9 10
-0.9473405227481028 10 11
1.5707963267948966 6 7
2.624238751496368 7 8
2.444617197953692 8 9
3.0151271211339727 9 10
0.2503476719582016 10 11
1.030281781841787 5 6
1.5707963267948966 6 7
1.5747155493579525 7 8
1.827320600362082 8 9
0.09495878601098263 9 10
0.39066595874166976 10 11
1.5707963267948963 4 5
2.1113108717480062 5 6
1.9882998837083277 6 7
1.100516914763645 7 8
0.6666324365518091 8 9
2.992860050139801 9 10
1.7706337388511302 10 11
1.891231114230237 3 4
1.5707963267948968 4 5
0.7472490268898658 5 6
2.3978296454741357 6 7
0.83803116889406 7 8
1.4876785882839605 8 9
0.834252425729162 9 10
1.4721969200098233 10 11
1.5707963267948966 2 3
1.2503615393595562 3 4
1.1826333018892357 4 5
0.5659254620054429 5 6
0.8485326505783084 6 7
1.797675303757509 7 8
1.3162909610101772 8 9
0.7253122487853988 9 10
-1.6876779382658142 10 11
1.594056118482758 1 2
1.5707963267948966 2 3
0.6607213766436796 3 4
1.4036461226444064 4 5
2.097671228027892 5 6
1.4099110376329345 6 7
3.0684782509156627 7 8
1.5044167901193202 8 9
0.6919757420750843 9 10
1.8210879680214782 10 11
1.5707963267948966 0 1
1.5475365351070351 1 2
1.056172087250285 2 3
0.8282388168012689 3 4
1.3300294984853471 4 5
1.5603454559240602 5 6
1.4752096334988845 6 7
3.086220486490379 7 8
1.6888260219607483 8 9
0.7515933173995833 9 10
Pauli 7
ZZIIIIIIIIII 0.004505107215113559
ZIIIIIIIIIZI -0.004505107215113557
ZIIIIIIIIIIZ -0.0045051072151135576
IZIIIIIIIIZI -0.004505107215113556
IZIIIIIIIIIZ -0.004505107215113557
IIIIIIIIIIII 0.009010214430227106
IIIIIIIIIIZZ 0.004505107215113554

Phase 1
1.0 1.0 1.0 1.0 1.0 1.0 1.0 1.0 1.0 1.0 1.0 -1.0
Givens 66
-1.5865258706328889 10 11
1.5707963267948966 9 10
-1.5707963267948966 10 11
1.5707963267948966 8 9
1.5707963267948966 9 10
-1.2790320137701885 10 11
1.5707963267948966 7 8
1.5707963267948966 8 9
2.5855041940458316 9 10
1.8205528918344003 10 11
1.5707963267948972 6 7
1.5707963267948966 7 8
0.515578623858936 8 9
3.1414597947888594 9 10
-1.3316916564891477 10 11
2.689521047808431 5 6
1.5849459677231774 6 7
3.141592653589793 7 8
2.626024088458796 8 9
1.0541655800491863 9 10
-1.8230952740640038 10 11
1.5566466858666157 4 5
2.68952104780843 5 6
3.138550009242993 6 7
0.0 7 8
3.105377203040833 8 9
3.141592521986301 9 10
-1.8208360539898711 10 11
1.6765351971281037 3 4
1.572456588789254 4 5
1.5686159739314072 5 6
0.9490192406312996 6 7
3.141592653589793 7 8
0.036215449935005986 8 9
0.3833822124040186 9 10
0.0331693687357641 10 11
1.5691360648005388 2 3
1.6765351971281035 3 4
0.9490192406312996 4 5
1.572976679658386 5 6
3.07386066760035 6 7
0.0 7 8
1.8048030630961098 8 9
0.05796404481653254 9 10
-3.1415926202697837 10 11
1.382458511631289 1 2
1.5678511071323076 2 3
1.5709212194669184 3 4
1.6118205807230654 4 5
1.8545107027195862 5 6
2.9038393222786163 6 7
1.570796326794896 7 8
1.5707963267948986 8 9
1.5707963267948966 9 10
-1.5707963267948966 10 11
1.5737415464574855 0 1
1.3824585116312889 1 2
1.6118205807230657 2 3
1.5706714341228751 3 4
2.9038393222786163 4 5
1.2870819508702067 5 6
1.5707963267948966 6 7
1.5707963267948966 7 8
1.5707963267948966 8 9
1.5707963267948966 9 10
0.21556461450017506 10 11
Pauli 79
IIIIIIIIIIII 0.025685862678443826
ZIIIIIIIIIII 0.0008316067168194089
IZIIIIIIIIII 0.0008316067168194228
ZZIIIIIIIIII 0.014002123536449685
IIZIIIIIIIII 0.0001894888415348106
ZIZIIIIIIIII 0.0031905059378269838
IIIZIIIIIIII 0.00018948884153480974
ZIIZIIIIIIII 0.0031905059378269716
IIIIZIIIIIII 1.9863755711795126e-05
ZIIIZIIIIIII 0.00033445468362517874
IIIIIZIIIIII 1.9863755711794692e-05
ZIIIIZIIIIII 0.00033445468362517473
IIIIIIZIIIII -0.00019140739688050979
ZIIIIIZIIIII -0.0032228094875923086
IIIIIIIZIIII -0.00019140739688050783
ZIIIIIIZIIII -0.003222809487592313
IIIIIIIIZIII -0.00019140739688050675
ZIIIIIIIZIII -0.003222809487592315
IIIIIIIIIZII -0.00019140739688050762
ZIIIIIIIIZII -0.0032228094875923164
IIIIIIIIIIZI -0.0006828396934928111
ZIIIIIIIIIZI -0.011497268541126924
IIIIIIIIIIIZ -0.0006828396934928146
ZIIIIIIIIIIZ -0.011497268541126933
IZZIIIIIIIII 0.0031905059378269803
IZIZIIIIIIII 0.003190505937826968
IZIIZIIIIIII 0.00033445468362517836
IZIIIZIIIIII 0.0003344546836251744
IZIIIIZIIIII -0.003222809487592305
IZIIIIIZIIII -0.0032228094875923095
IZIIIIIIZIII -0.0032228094875923117
IZIIIIIIIZII -0.003222809487592313
IZIIIIIIIIZI -0.011497268541126912
IZIIIIIIIIIZ -0.01149726854112692
IIZZIIIIIIII 0.0007269845972156175
IIZIZIIIIIII 7.620841590651619e-05
IIZIIZIIIIII 7.620841590651528e-05
IIZIIIZIIIII -0.0007343452426970621
IIZIIIIZIIII -0.000734345242697063
IIZIIIIIZIII -0.0007343452426970635
IIZIIIIIIZII -0.0007343452426970639
IIZIIIIIIIZI -0.0026197528863223943
IIZIIIIIIIIZ -0.0026197528863223965
IIIZZIIIIIII 7.620841590651589e-05
IIIZIZIIIIII 7.6208415906515e-05
IIIZIIZIIIII -0.0007343452426970592
IIIZIIIZIIII -0.0007343452426970602
IIIZIIIIZIII -0.0007343452426970607
IIIZIIIIIZII -0.000734345242697061
IIIZIIIIIIZI -0.0026197528863223843
IIIZIIIIIIIZ -0.0026197528863223865
IIIIZZIIIIII 7.988783637540999e-06
IIIIZIZIIIII -7.69800184058519e-05
IIIIZIIZIIII -7.6980018405852e-05
IIIIZIIIZIII -7.698001840585205e-05
IIIIZIIIIZII -7.698001840585209e-05
IIIIZIIIIIZI -0.000274623724213429
IIIIZIIIIIIZ -0.00027462372421342923
IIIIIZZIIIII -7.698001840585099e-05
IIIIIZIZIIII -7.69800184058511e-05
IIIIIZIIZIII -7.698001840585114e-05
IIIIIZIIIZII -7.698001840585118e-05
IIIIIZIIIIZI -0.00027462372421342576
IIIIIZIIIIIZ -0.000274623724213426
IIIIIIZZIIII 0.0007417804139691626
IIIIIIZIZIII 0.000741780413969163
IIIIIIZIIZII 0.0007417804139691634
IIIIIIZIIIZI 0.002646277619197146
IIIIIIZIIIIZ 0.0026462776191971482
IIIIIIIZZIII 0.000741780413969164
IIIIIIIZIZII 0.0007417804139691643
IIIIIIIZIIZI 0.00264627761919715
IIIIIIIZIIIZ 0.0026462776191971517
IIIIIIIIZZII 0.0007417804139691648
IIIIIIIIZIZI 0.0026462776191971513
IIIIIIIIZIIZ 0.0026462776191971535
IIIIIIIIIZZI 0.002646277619197152
IIIIIIIIIZIZ 0.0026462776191971543
IIIIIIIIIIZZ 0.009440509760014844

Phase 1
1.0 1.0 1.0 1.0 1.0 1.0 1.0 1.0 1.0 1.0 1.0 -1.0
Givens 66
-0.07782651248753895 10 11
1.5708252246124963 9 10
1.5711668875127576 10 11
1.5711668875127578 8 9
1.5707674289772968 9 10
-2.5331459460038155 10 11
1.7466498351706736 7 8
2.7222752587215253 8 9
0.0016250676428303562 9 10
1.9065224019848417 10 11
2.7222752587215258 6 7
1.3949428184191195 7 8
0.6744841130455803 8 9
3.1366763926760632 9 10
-2.672592017745957 10 11
1.5217217177258755 5 6
1.0092985634929286 6 7
1.9194559286744286 7 8
0.0907860801598334 8 9
3.1269777153309244 9 10
0.03876865873918955 10 11
1.0092985634929286 4 5
1.6198709358639176 5 6
1.3523710883146354 6 7
2.340201754798566 7 8
1.4763848255018563 8 9
3.0949513865051603 9 10
0.3942266619103171 10 11
1.5390507397920568 3 4
1.184261742898157 4 5
0.5576306864079248 5 6
1.9548774922328958 6 7
2.3226884768869134 7 8
3.02920457752239 8 9
1.5274853575015679 9 10
-0.018142786330892162 10 11
1.1842617428981577 2 3
1.6025419137977361 3 4
1.1079178635427118 4 5
0.4670910261957645 5 6
1.6676097593202763 6 7
2.5382337523137126 7 8
1.5725007169672902 8 9
1.5808301639119549 9 10
1.5723962820837392 10 11
1.5838696824440919 1 2
1.73688865491821 2 3
0.43807508512862303 3 4
1.4083577802850034 4 5
1.2862903897986693 5 6
1.3664313698286499 6 7
1.5714156243430517 7 8
2.368105289006485 8 9
1.5713430363156646 9 10
-0.6583390902192923 10 11
1.7368886549182103 0 1
1.5577229711457017 1 2
0.724068322720306 2 3
1.2266421512850783 3 4
1.5590483255317398 4 5
1.439005730005921 5 6
1.5703340202300728 6 7
1.9037165393016897 7 8
1.5708036651505402 8 9
2.849616025122314 9 10
1.6537156648111755 10 11
Pauli 7
ZZIIIIIIIIII 0.017054749415040437
ZIIIIIIIIIZI -0.01705474941504043
ZIIIIIIIIIIZ -0.017054749415040434
IZIIIIIIIIZI -0.017054749415040427
IZIIIIIIIIIZ -0.01705474941504043
IIIIIIIIIIII 0.03410949883008084
IIIIIIIIIIZZ 0.017054749415040423

Phase 1
1.0 1.0 1.0 1.0 1.0 1.0 1.0 1.0 1.0 1.0 1.0 -1.0
Givens 66
1.570796326794897 10 11
2.7291394442600345 9 10
-1.5707963267948963 10 11
1.5707963267948966 8 9
2.7291394442600345 9 10
1.9304445512111565 10 11
1.5706473335593276 7 8
1.5707963267948966 8 9
3.0477329514481672 9 10
2.5842752741285673 10 11
1.5707963267948966 6 7
1.5706473335593276 7 8
1.8299888294402624 8 9
1.6610130769919886 9 10
0.2754327650389808 10 11
2.1342050903692016 5 6
1.5707963267948966 6 7
1.4670710077909395 7 8
0.7559439044571676 8 9
0.2629939836276873 9 10
3.063243440950314 10 11
1.5707963267948966 4 5
2.1342050903692016 5 6
1.59634062209539 6 7
1.0794236005149094 7 8
0.7790540399613745 8 9
1.6001879455334649 9 10
-0.31393257392605023 10 11
1.9585669624078643 3 4
1.5707963267948966 4 5
1.836210628569835 5 6
2.072675543416939 6 7
1.7825538825175893 7 8
1.4600864608336213 8 9
1.2809115299306446 9 10
1.7093140848066635 10 11
1.5707963267948966 2 3
1.9585669624078648 3 4
1.5716456890518566 4 5
1.6824906864208389 5 6
2.7920693769170386 6 7
1.372480684811024 7 8
0.9293927094156947 8 9
2.5818039234615497 9 10
-1.3406094452416155 10 11
1.4041950076607348 1 2
1.5707963267948966 2 3
1.5318234654377014 3 4
1.5911447408913328 4 5
1.0098402257078247 5 6
1.4757190519713104 6 7
1.7268852949819469 7 8
1.8827025634280254 8 9
2.795855671569666 9 10
2.46423447673444 10 11
1.5707963267948966 0 1
1.4041950076607348 1 2
1.571231874981608 2 3
1.563008620704722 3 4
2.2100280299386235 4 5
1.570811699211805 5 6
0.2989325362457065 6 7
2.3419317582979366 7 8
1.577614663605558 8 9
1.4457236165572798 9 10
0.0 10 11
Pauli 7
ZZIIIIIIIIII 0.017054749415040503
ZIIIIIIIIIZI -0.017054749415040503
ZIIIIIIIIIIZ -0.017054749415040524
IZIIIIIIIIZI -0.017054749415040486
IZIIIIIIIIIZ -0.017054749415040503
IIIIIIIIIIII 0.034109498830081
IIIIIIIIIIZZ 0.017054749415040503

Phase 1
1.0 1.0 1.0 1.0 1.0 1.0 1.0 1.0 1.0 1.0 1.0 1.0
Givens 66
0.025691905001412163 10 11
1.5707963267948966 9 10
-1.5707963267948966 10 11
1.5707963267948966 8 9
1.5707963267948966 9 10
-3.141592653589793 10 11
1.5707963267948966 7 8
1.5707963267948966 8 9
1.5626770153612901 9 10
-1.4569345754482916 10 11
1.5707963267948966 6 7
1.5707963267948968 7 8
2.014883110399766 8 9
1.57079632964003 9 10
-2.580956827951785e-08 10 11
1.7234726185071854 5 6
2.9742040301852413 6 7
1.5707963267948963 7 8
1.5707963267948966 8 9
1.570796326794897 9 10
-1.5707963267948968 10 11
2.9742040301852404 4 5
1.418120035082608 5 6
1.5707963267948966 6 7
1.5707963267948966 7 8
1.5707963267948966 8 9
1.5707963267948966 9 10
-1.5985189244540354 10 11
1.5730782695247634 3 4
1.6593639185889983 4 5
1.5707963267948966 5 6
1.5707963267948966 6 7
1.5707963267948968 7 8
1.5707963267948966 8 9
0.7873710876666615 9 10
-1.5512296869764062 10 11
1.6593639185889988 2 3
1.5685143840650297 3 4
1.5707963267948966 4 5
1.5707963267948966 5 6
1.5707963267948966 6 7
1.5707963267948966 7 8
1.590362966613387 8 9
0.7873710876666626 9 10
1.5495163388903797 10 11
1.5671836434897464 1 2
1.4311272850919645 2 3
1.5707963267948966 3 4
1.5707963267948966 4 5
1.5707963267948966 5 6
1.5707963267948966 6 7
1.6791323604652832 7 8
1.57379457075159 8 9
0.003975676643727284 9 10
-1.549516507015188 10 11
1.4311272850919643 0 1
1.5744090101000465 1 2
1.5707963267948966 2 3
1.5707963267948966 3 4
1.5707963267948966 4 5
1.5707963267948966 5 6
1.5677980828382032 6 7
1.6791323604652832 7 8
1.5920761465746278 8 9
0.003975676643699359 9 10
-0.0 10 11
Pauli 79
IIIIIIIIIIII 0.18274275259694261
ZIIIIIIIIIII -0.06502285413034765
IZIIIIIIIIII -0.06502285413034768
ZZIIIIIIIIII 0.02799575608166571
IIZIIIIIIIII -0.04789875799043614
ZIZIIIIIIIII 0.020622932709579857
IIIZIIIIIIII -0.0478987579904361
ZIIZIIIIIIII 0.020622932709579846
IIIIZIIIIIII -0.047898757990436094
ZIIIZIIIIIII 0.020622932709579832
IIIIIZIIIIII -0.04789875799043598
ZIIIIZIIIIII 0.020622932709579787
IIIIIIZIIIII -0.025857120434500364
ZIIIIIZIIIII 0.011132849308758198
IIIIIIIZIIII -0.02585712043450032
ZIIIIIIZIIII 0.011132849308758179
IIIIIIIIZIII 0.039301320451796413
ZIIIIIIIZIII -0.016921283997319198
IIIIIIIIIZII 0.03930132045179653
ZIIIIIIIIZII -0.01692128399731925
IIIIIIIIIIZI 0.07186523288395583
ZIIIIIIIIIZI -0.03094175974709049
IIIIIIIIIIIZ 0.07186523288395583
ZIIIIIIIIIIZ -0.030941759747090514
IZZIIIIIIIII 0.020622932709579853
IZIZIIIIIIII 0.020622932709579843
IZIIZIIIIIII 0.02062293270957983
IZIIIZIIIIII 0.020622932709579784
IZIIIIZIIIII 0.011132849308758195
IZIIIIIZIIII 0.011132849308758175
IZIIIIIIZIII -0.016921283997319195
IZIIIIIIIZII -0.016921283997319247
IZIIIIIIIIZI -0.030941759747090482
IZIIIIIIIIIZ -0.030941759747090507
IIZZIIIIIIII 0.015191779507694346
IIZIZIIIIIII 0.015191779507694337
IIZIIZIIIIII 0.015191779507694304
IIZIIIZIIIII 0.008200957369776902
IIZIIIIZIIII 0.008200957369776886
IIZIIIIIZIII -0.012464978628133597
IIZIIIIIIZII -0.012464978628133635
IIZIIIIIIIZI -0.022793091471393728
IIZIIIIIIIIZ -0.022793091471393745
IIIZZIIIIIII 0.015191779507694328
IIIZIZIIIIII 0.015191779507694295
IIIZIIZIIIII 0.008200957369776895
IIIZIIIZIIII 0.008200957369776883
IIIZIIIIZIII -0.01246497862813359
IIIZIIIIIZII -0.012464978628133627
IIIZIIIIIIZI -0.022793091471393714
IIIZIIIIIIIZ -0.02279309147139373
IIIIZZIIIIII 0.015191779507694287
IIIIZIZIIIII 0.008200957369776891
IIIIZIIZIIII 0.008200957369776876
IIIIZIIIZIII -0.012464978628133583
IIIIZIIIIZII -0.012464978628133618
IIIIZIIIIIZI -0.022793091471393696
IIIIZIIIIIIZ -0.022793091471393714
IIIIIZZIIIII 0.008200957369776874
IIIIIZIZIIII 0.00820095736977686
IIIIIZIIZIII -0.012464978628133555
IIIIIZIIIZII -0.012464978628133594
IIIIIZIIIIZI -0.02279309147139365
IIIIIZIIIIIZ -0.022793091471393672
IIIIIIZZIIII 0.004427111501113756
IIIIIIZIZIII -0.006728952213447335
IIIIIIZIIZII -0.006728952213447355
IIIIIIZIIIZI -0.012304363118728208
IIIIIIZIIIIZ -0.01230436311872822
IIIIIIIZZIII -0.006728952213447324
IIIIIIIZIZII -0.006728952213447343
IIIIIIIZIIZI -0.012304363118728187
IIIIIIIZIIIZ -0.012304363118728198
IIIIIIIIZZII 0.010227616331657058
IIIIIIIIZIZI 0.018701916909478433
IIIIIIIIZIIZ 0.018701916909478446
IIIIIIIIIZZI 0.018701916909478485
IIIIIIIIIZIZ 0.0187019169094785
IIIIIIIIIIZZ 0.034197772457149736

Phase 1
1.0 1.0 1.0 1.0 1.0 1.0 1.0 1.0 1.0 1.0 1.0 -1.0
Givens 66
-0.0 10 11
1.5707963267948966 9 10
1.5707963267948966 10 11
1.5707963267948966 8 9
1.5707963267948966 9 10
2.9741822946558307 10 11
1.5707963267948966 7 8
1.5707963267948966 8 9
0.48327115423088146 9 10
-2.9285907944321057 10 11
1.5707963267948966 6 7
1.5707963267948966 7 8
0.027153455595765257 8 9
3.141571991384775 9 10
-0.10900216427712113 10 11
1.5707963267948963 5 6
0.426021793779239 6 7
0.0 7 8
0.027153739180592978 8 9
0.5088929783199555 9 10
-0.34517590581565477 10 11
0.4260217937792406 4 5
1.570796326794896 5 6
3.1101761777125057 6 7
3.141592653589793 7 8
1.57079634411595 8 9
2.756603954250837 9 10
-2.3629827843634357 10 11
1.5707963267948966 3 4
0.9131532907864153 4 5
1.5950421560834303 5 6
0.9137231841298818 6 7
1.5707963267948966 7 8
1.5707963267948943 8 9
1.570796326794896 9 10
1.570796326794896 10 11
0.9131532907864149 2 3
1.5707963267948966 3 4
0.9137231841298835 4 5
1.5465504975063618 5 6
1.5707963267948966 6 7
1.5707963267948966 7 8
1.5707963267948966 8 9
1.5707963267948966 9 10
-3.1404744879380173 10 11
1.570796326794896 1 2
0.16040715666829491 2 3
1.5997546590720237 3 4
0.8263240521893706 4 5
1.5707963267948972 5 6
1.5707963267948948 6 7
1.570796326794896 7 8
1.5707963267948961 8 9
1.5813179772297201 9 10
0.10587743127093473 10 11
0.16040715666829422 0 1
1.5707963267948972 1 2
0.8263240521893713 2 3
1.5418379945177692 3 4
1.5707963267948966 4 5
1.5707963267948966 5 6
1.5707963267948966 6 7
1.5707963267948966 7 8
3.0357152223188586 8 9
1.5813179772297208 9 10
-1.5412513217756683 10 11
Pauli 79
IIIIIIIIIIII 0.5039578385390848
ZIIIIIIIIIII 0.2103570506586967
IZIIIIIIIIII 0.2103570506586961
ZZIIIIIIIIII 0.07815115951766761
IIZIIIIIIIII -0.03819579857873209
ZIZIIIIIIIII -0.014190377447696896
IIIZIIIIIIII -0.0381957985787322
ZIIZIIIIIIII -0.014190377447696936
IIIIZIIIIIII -0.056948949737007065
ZIIIZIIIIIII -0.02115748647988799
IIIIIZIIIIII -0.0569489497370071
ZIIIIZIIIIII -0.021157486479887997
IIIIIIZIIIII -0.05694894973700712
ZIIIIIZIIIII -0.021157486479888004
IIIIIIIZIIII -0.056948949737007155
ZIIIIIIZIIII -0.021157486479888025
IIIIIIIIZIII -0.08528205601131149
ZIIIIIIIZIII -0.031683708924729326
IIIIIIIIIZII -0.08528205601131156
ZIIIIIIIIZII -0.031683708924729354
IIIIIIIIIIZI -0.25608706901649075
ZIIIIIIIIIZI -0.09514062551481381
IIIIIIIIIIIZ -0.2560870690164908
ZIIIIIIIIIIZ -0.09514062551481386
IZZIIIIIIIII -0.014190377447696849
IZIZIIIIIIII -0.014190377447696889
IZIIZIIIIIII -0.02115748647988792
IZIIIZIIIIII -0.021157486479887928
IZIIIIZIIIII -0.021157486479887938
IZIIIIIZIIII -0.021157486479887955
IZIIIIIIZIII -0.03168370892472923
IZIIIIIIIZII -0.031683708924729256
IZIIIIIIIIZI -0.09514062551481352
IZIIIIIIIIIZ -0.09514062551481356
IIZZIIIIIIII 0.002576632430675346
IIZIZIIIIIII 0.0038416924438117906
IIZIIZIIIIII 0.003841692443811792
IIZIIIZIIIII 0.0038416924438117936
IIZIIIIZIIII 0.0038416924438117966
IIZIIIIIZIII 0.00575300214814124
IIZIIIIIIZII 0.005753002148141245
IIZIIIIIIIZI 0.01727525727062275
IIZIIIIIIIIZ 0.017275257270622756
IIIZZIIIIIII 0.003841692443811801
IIIZIZIIIIII 0.003841692443811802
IIIZIIZIIIII 0.0038416924438118036
IIIZIIIZIIII 0.0038416924438118075
IIIZIIIIZIII 0.0057530021481412555
IIIZIIIIIZII 0.005753002148141261
IIIZIIIIIIZI 0.017275257270622794
IIIZIIIIIIIZ 0.017275257270622804
IIIIZZIIIIII 0.005727864268545422
IIIIZIZIIIII 0.005727864268545425
IIIIZIIZIIII 0.005727864268545429
IIIIZIIIZIII 0.008577577701276711
IIIIZIIIIZII 0.00857757770127672
IIIIZIIIIIZI 0.02575696266621213
IIIIZIIIIIIZ 0.02575696266621214
IIIIIZZIIIII 0.005727864268545426
IIIIIZIZIIII 0.005727864268545431
IIIIIZIIZIII 0.008577577701276717
IIIIIZIIIZII 0.008577577701276724
IIIIIZIIIIZI 0.02575696266621214
IIIIIZIIIIIZ 0.02575696266621215
IIIIIIZZIIII 0.005727864268545433
IIIIIIZIZIII 0.00857757770127672
IIIIIIZIIZII 0.008577577701276725
IIIIIIZIIIZI 0.02575696266621215
IIIIIIZIIIIZ 0.025756962666212156
IIIIIIIZZIII 0.008577577701276725
IIIIIIIZIZII 0.008577577701276734
IIIIIIIZIIZI 0.02575696266621217
IIIIIIIZIIIZ 0.025756962666212177
IIIIIIIIZZII 0.012845073795738486
IIIIIIIIZIZI 0.03857150558395185
IIIIIIIIZIIZ 0.038571505583951865
IIIIIIIIIZZI 0.03857150558395188
IIIIIIIIIZIZ 0.0385715055839519
IIIIIIIIIIZZ 0.11582347183606014

Phase 1
1.0 1.0 1.0 1.0 1.0 1.0 1.0 1.0 1.0 1.0 1.0 -1.0
Givens 66
1.5707963267948999 10 11
1.5707963267948966 9 10
1.5707963267948966 10 11
1.5707963267948966 8 9
1.5707963267948966 9 10
1.6696836831546615 10 11
1.5707963267948963 7 8
1.5707963267948966 8 9
0.06910569496845181 9 10
3.0799232642263794 10 11
1.5707963267948966 6 7
1.5707963267948966 7 8
2.585718524974715 8 9
0.0002987805073240797 9 10
-3.091107616823908 10 11
2.8054916484666124 5 6
1.5707963267948997 6 7
0.0 7 8
0.5550143418099297 8 9
0.09195458816877765 9 10
2.9401820331589437 10 11
1.5707963267948974 4 5
0.3361010051231811 5 6
1.5564200384250988 6 7
0.0 7 8
0.7322559203641055 8 9
7.229026487546592e-05 9 10
-2.051067590722623 10 11
2.216607634355901 3 4
1.5707963267948972 4 5
0.6361323575548239 5 6
1.5823608870348265 6 7
0.0 7 8
2.4125458035479967 8 9
1.557847802810906 9 10
1.5341541470295004 10 11
1.5707963267948977 2 3
0.9249850192338933 3 4
1.5592317665549664 4 5
0.6361323575548263 5 6
1.5001527027652708 6 7
0.0 7 8
2.083605942077654 8 9
0.7216409618016442 9 10
-0.0073393615793249534 10 11
3.0082897579380043 1 2
1.570796326794898 2 3
1.7363877520738007 3 4
1.5684264424769823 4 5
1.9892643405378 5 6
1.5420495751561387 6 7
1.5707963267948968 7 8
1.5707963267948963 8 9
1.5707963267948963 9 10
-1.5707963267948983 10 11
1.5707963267948966 0 1
0.133302895651789 1 2
1.5731662111128109 2 3
1.7363877520737996 3 4
1.5995430784336553 4 5
1.9892643405377994 5 6
1.5707963267948966 6 7
1.5707963267948966 7 8
1.5707963267948966 8 9
1.5707963267948966 9 10
-3.122589226503867 10 11
Pauli 79
IIIIIIIIIIII 6.79756375797323
ZIIIIIIIIIII -2.050303284766332
IZIIIIIIIIII -2.050303284766329
ZZIIIIIIIIII 0.3401085420713555
IIZIIIIIIIII -0.9391914058175409
ZIZIIIIIIIII 0.15579500951487538
IIIZIIIIIIII -0.9391914058175401
ZIIZIIIIIIII 0.1557950095148753
IIIIZIIIIIII -0.8303122352157918
ZIIIZIIIIIII 0.1377339078961851
IIIIIZIIIIII -0.8303122352157917
ZIIIIZIIIIII 0.13773390789618506
IIIIIIZIIIII -0.7994567385758643
ZIIIIIZIIIII 0.13261553440721643
IIIIIIIZIIII -0.799456738575864
ZIIIIIIZIIII 0.13261553440721635
IIIIIIIIZIII -0.7994567385758637
ZIIIIIIIZIII 0.13261553440721627
IIIIIIIIIZII -0.7994567385758631
ZIIIIIIIIZII 0.1326155344072162
IIIIIIIIIIZI -0.7612825071808257
ZIIIIIIIIIZI 0.12628311408631698
IIIIIIIIIIIZ -0.7612825071808251
ZIIIIIIIIIIZ 0.1262831140863169
IZZIIIIIIIII 0.15579500951487524
IZIZIIIIIIII 0.15579500951487515
IZIIZIIIIIII 0.13773390789618495
IZIIIZIIIIII 0.13773390789618495
IZIIIIZIIIII 0.13261553440721632
IZIIIIIZIIII 0.13261553440721624
IZIIIIIIZIII 0.13261553440721616
IZIIIIIIIZII 0.1326155344072161
IZIIIIIIIIZI 0.12628311408631687
IZIIIIIIIIIZ 0.12628311408631676
IIZZIIIIIIII 0.07136570237817708
IIZIZIIIIIII 0.06309237445352112
IIZIIZIIIIII 0.06309237445352112
IIZIIIZIIIII 0.060747778691362185
IIZIIIIZIIII 0.06074777869136215
IIZIIIIIZIII 0.060747778691362116
IIZIIIIIIZII 0.06074777869136208
IIZIIIIIIIZI 0.05784705917947254
IIZIIIIIIIIZ 0.057847059179472506
IIIZZIIIIIII 0.0630923744535211
IIIZIZIIIIII 0.06309237445352109
IIIZIIZIIIII 0.06074777869136216
IIIZIIIZIIII 0.060747778691362116
IIIZIIIIZIII 0.06074777869136208
IIIZIIIIIZII 0.06074777869136205
IIIZIIIIIIZI 0.05784705917947251
IIIZIIIIIIIZ 0.05784705917947247
IIIIZZIIIIII 0.05577816207972423
IIIIZIZIIIII 0.05370537208622865
IIIIZIIZIIII 0.053705372086228616
IIIIZIIIZIII 0.05370537208622858
IIIIZIIIIZII 0.05370537208622855
IIIIZIIIIIZI 0.05114092900600836
IIIIZIIIIIIZ 0.05114092900600833
IIIIIZZIIIII 0.05370537208622864
IIIIIZIZIIII 0.0537053720862286
IIIIIZIIZIII 0.05370537208622858
IIIIIZIIIZII 0.053705372086228546
IIIIIZIIIIZI 0.051140929006008355
IIIIIZIIIIIZ 0.05114092900600832
IIIIIIZZIIII 0.05170960969989932
IIIIIIZIZIII 0.051709609699899295
IIIIIIZIIZII 0.05170960969989927
IIIIIIZIIIZI 0.049240464703326436
IIIIIIZIIIIZ 0.0492404647033264
IIIIIIIZZIII 0.05170960969989926
IIIIIIIZIZII 0.05170960969989923
IIIIIIIZIIZI 0.0492404647033264
IIIIIIIZIIIZ 0.04924046470332637
IIIIIIIIZZII 0.0517096096998992
IIIIIIIIZIZI 0.049240464703326374
IIIIIIIIZIIZ 0.04924046470332634
IIIIIIIIIZZI 0.049240464703326346
IIIIIIIIIZIZ 0.04924046470332631
IIIIIIIIIIZZ 0.046889221911962216

